88
181 17 664
1 0 0 0 1 0 0 1 0 1 0 1 1 1 1 0 0 0 1 1 0 1 0 1 1 0 0 1 1 1 1 0 1 0 0 0 1 0 1 1 1 1 1 1 1 0 0 0 1 0 0 1 1 0 0 0 1 0 1 1 0 1 0 0 1 1 1 1 0 1 1 1 1 1 1 1 1 0 0 0 0 1 1 0 1 1 0 1 0 0 0 0 0 1 1 0 0 1 1 0 1 0 1 1 0 1 1 1 0 1 0 1 1 1 0 0 0 1 1 0 0 1 0 0 0 0 0 0 1 1 1 0 1 1 1 1 1 1 0 1 0 1 1 1 0 0 0 0 1 0 1 0 1 1 0 0 1 0 1 0 0 0 1 0 0 0 0 1 1 1 0 0 0 1 1 1 0 1 0 1 0
348 198 365
1 0 1 1 1 1 0 1 1 0 1 0 1 0 0 0 0 0 1 1 0 0 1 0 0 1 0 1 1 1 0 0 1 1 0 1 0 0 0 0 1 0 1 0 0 0 1 0 0 0 1 0 0 0 1 0 0 0 0 1 0 0 0 0 0 1 0 0 1 1 0 1 0 0 1 1 1 0 0 1 0 0 1 1 0 0 1 1 0 0 1 1 1 0 1 1 0 0 0 0 1 1 0 0 1 0 1 1 1 0 0 0 1 1 0 1 0 0 0 1 1 0 0 1 0 1 1 1 0 0 0 0 0 1 0 0 0 0 0 1 1 1 1 0 1 1 1 1 0 0 1 1 0 1 1 0 0 0 1 1 0 0 1 1 0 0 1 0 0 0 0 0 0 0 1 1 0 0 0 1 1 1 1 0 0 1 0 1 1 0 0 0 0 1 1 1 0 1 1 0 0 0 1 0 0 1 1 0 1 1 1 1 1 0 1 0 0 0 0 0 0 1 1 0 0 1 0 1 1 1 1 0 1 1 0 1 1 0 0 1 1 0 1 0 1 0 0 0 1 1 1 1 0 0 0 1 0 0 1 0 1 1 0 1 0 1 0 0 1 0 0 0 0 1 0 1 1 0 1 1 0 0 0 0 1 0 1 0 0 1 1 1 0 1 0 0 0 1 1 1 1 0 1 1 0 0 1 0 1 1 0 1 1 1 0 1 1 1 1 1 1 1 0 1 1 1 1 0 1 1 0 0 0 0 0 0 0 1 1 1 1 0 0 0 1 0 1 0
460 280 518
1 1 0 0 1 1 0 0 0 0 1 0 1 0 0 0 1 1 0 0 1 1 1 1 1 0 1 1 0 0 0 1 1 0 1 0 1 0 0 0 1 0 0 1 0 1 1 1 1 1 0 0 1 1 1 1 0 0 0 1 1 0 1 0 0 1 0 1 0 0 0 1 0 1 1 1 1 0 0 1 0 0 1 1 1 0 0 1 1 0 0 0 1 1 1 1 1 1 1 1 0 0 1 1 1 1 1 0 1 0 1 1 0 1 0 0 1 0 0 0 0 1 0 0 1 1 1 0 1 0 1 1 0 1 1 1 0 1 0 1 0 1 0 0 0 0 0 0 0 0 0 0 1 1 0 1 0 1 1 1 1 1 1 1 0 1 0 1 0 1 0 1 1 0 0 0 1 1 1 0 1 0 1 0 0 0 0 0 0 0 1 0 1 0 1 1 0 0 1 1 0 1 1 0 1 1 0 1 1 0 1 0 0 0 1 0 0 1 1 0 1 1 0 0 1 1 1 0 0 1 1 1 0 1 0 1 0 0 0 0 1 1 0 0 1 0 1 0 1 1 0 1 0 0 0 1 0 0 0 1 0 1 0 1 1 1 0 0 0 0 0 0 1 0 1 1 1 0 1 0 0 0 1 1 0 1 0 0 1 1 1 0 0 0 0 1 1 1 1 1 0 0 0 1 1 0 1 1 0 0 1 0 0 0 0 1 1 1 0 1 0 0 1 1 1 0 1 0 0 0 0 0 0 1 0 1 1 0 1 1 1 1 0 0 1 0 0 0 0 0 0 0 1 0 1 0 1 0 0 1 1 0 1 1 1 0 0 1 1 0 1 0 1 1 1 1 1 1 0 0 1 1 0 1 1 1 0 1 1 1 0 0 1 0 0 0 0 0 0 0 1 0 1 0 0 1 1 1 0 1 0 1 0 1 0 0 0 1 1 0 1 1 0 1 0 1 1 0 0 0 1 0 0 1 0 1 0 1 0 0 1 0 0 0 0 0 0 1 1 1 0 0 1 0 0 1 0 1 0 1
731 46 626
1 0 0 0 1 0 1 0 1 1 1 1 0 0 0 1 1 1 0 0 1 1 1 0 0 0 0 1 0 1 1 1 0 1 1 0 1 1 1 1 1 0 1 1 1 0 0 1 0 0 0 1 1 1 1 1 1 1 0 1 1 0 1 0 0 0 0 1 0 1 1 0 0 1 0 1 1 0 0 1 1 0 0 1 1 1 0 1 1 1 0 0 0 1 0 0 1 0 0 1 1 0 1 0 1 1 1 0 1 0 1 1 1 0 1 1 0 0 0 1 0 0 1 1 1 0 1 0 1 1 1 0 0 1 0 1 0 0 0 0 0 0 0 1 0 1 1 0 0 0 0 0 0 1 1 0 0 0 1 0 1 0 0 0 1 1 0 1 1 0 1 1 0 0 0 1 0 1 0 0 1 0 1 0 0 1 1 1 1 1 0 0 0 1 0 0 1 0 0 1 1 1 1 0 1 1 0 1 1 0 0 1 0 0 1 1 1 0 0 1 1 0 1 1 0 0 1 1 0 0 0 0 1 0 1 0 0 1 1 1 0 1 0 0 0 0 0 0 1 0 0 1 0 0 0 0 1 1 1 0 1 0 0 0 0 0 1 1 0 0 0 0 0 0 1 0 1 1 1 0 0 0 1 0 0 1 1 1 0 0 1 1 1 1 0 0 0 0 1 1 1 1 1 0 1 0 1 1 1 0 1 1 1 1 0 0 0 1 1 0 0 1 0 0 0 1 0 0 1 0 0 1 1 1 0 0 0 0 1 1 1 0 0 1 0 1 1 1 1 1 1 0 1 1 0 0 0 0 0 0 1 0 1 0 1 0 0 0 0 1 1 1 0 1 0 1 1 0 0 1 1 1 0 0 0 0 1 1 1 1 1 0 1 1 0 0 1 0 1 0 1 0 1 0 0 1 0 1 0 1 1 1 1 1 1 0 1 0 0 0 0 1 1 0 0 1 1 1 0 0 0 0 1 0 0 0 0 0 1 1 1 1 0 0 0 1 1 0 0 0 0 1 0 0 1 0 0 1 1 0 1 1 0 0 0 0 1 0 0 1 1 1 0 0 1 0 0 1 1 1 0 1 1 1 0 0 1 1 0 1 1 0 0 1 1 0 1 0 1 0 0 1 0 1 0 1 1 0 1 1 1 0 0 1 1 1 0 0 1 1 0 1 0 1 1 1 1 1 1 0 0 0 1 0 1 1 0 0 0 0 1 0 0 1 0 1 1 0 0 1 1 0 0 1 1 1 0 1 1 1 0 1 0 1 0 1 1 0 0 1 1 0 1 0 0 0 0 1 1 1 1 1 1 1 1 1 1 1 1 1 1 1 1 0 1 0 1 1 0 1 0 1 1 0 0 0 1 0 1 1 0 1 1 0 1 1 0 1 1 1 0 0 1 1 1 1 0 1 0 0 0 0 1 1 0 0 0 1 0 0 0 1 1 0 1 1 0 0 0 0 1 0 1 1 1 1 0 0 0 0 1 0 0 1 1 1 0 0 0 1 0 0 1 1 1 1 0 1 0 1 0 0 0 1 1 1 1 1 0 0 1 0 0 1 1 1 1 1 1 1 0 0 1 1 0 1 1 1 0 0 0 0 1 0 0 1 1 1 1 1 0 1 0 0 1 0 1 0 0 0 0
360 305 518
0 1 0 0 0 0 1 0 0 1 0 1 1 1 1 0 0 1 0 0 1 1 1 0 0 1 0 1 0 0 0 0 1 0 0 0 1 0 0 0 0 1 1 1 0 0 1 1 1 0 0 0 0 0 0 1 1 1 1 0 0 1 0 1 0 1 0 1 0 0 1 1 0 1 1 0 0 1 0 0 0 0 0 1 1 0 0 0 1 0 0 1 0 1 0 0 0 1 0 0 1 0 0 1 0 0 0 0 1 0 1 0 1 0 0 1 0 0 0 0 0 0 0 1 0 0 1 1 0 0 1 0 1 0 1 0 0 1 0 0 1 1 0 1 1 0 0 1 1 0 1 1 0 0 1 1 1 1 1 0 0 0 0 1 1 0 0 1 1 1 0 1 1 1 1 1 0 0 1 0 1 1 1 1 0 0 1 1 1 1 1 0 0 0 1 0 1 0 1 1 1 1 1 1 0 1 1 1 1 0 1 0 0 1 0 0 1 1 1 1 1 0 1 0 0 1 0 1 1 0 1 0 1 1 1 1 0 1 1 0 1 0 1 1 0 0 1 1 1 0 1 0 1 0 1 0 0 1 0 0 0 1 0 0 1 0 1 0 1 1 1 0 0 0 1 0 0 1 1 1 0 0 1 1 1 1 0 0 0 0 0 1 0 1 1 0 1 0 1 0 0 0 1 1 0 1 1 1 1 1 0 0 1 0 1 1 1 0 1 1 1 1 0 0 0 1 1 1 1 1 1 1 0 1 0 0 0 1 1 0 1 0 1 1 1 1 1 1 1 0 1 1 1 1 0 1 1 0 0 1
56 47 375
0 1 0 1 0 0 1 1 1 1 0 0 0 0 0 1 0 1 1 0 1 0 0 1 1 1 0 0 0 1 0 1 1 1 1 0 1 0 1 1 0 1 0 1 1 0 1 0 1 0 0 0 0 1 0 0
377 257 703
0 1 0 1 1 0 1 1 1 0 0 1 0 1 1 1 1 0 0 0 1 0 0 1 1 0 1 0 1 0 1 0 0 1 0 0 0 1 0 0 1 1 0 1 0 1 1 1 1 1 1 0 0 1 0 0 0 1 0 1 0 0 1 1 0 0 0 1 0 0 0 1 0 0 0 1 0 1 1 0 1 0 1 1 1 1 1 1 0 1 1 1 0 1 0 0 0 0 0 0 1 1 0 1 1 0 1 1 1 1 1 1 1 0 0 0 1 1 1 0 1 1 0 0 0 1 0 1 0 0 0 0 0 1 0 0 1 0 1 0 1 1 0 1 0 1 1 0 0 1 0 1 0 0 1 1 0 1 0 0 0 0 0 0 0 0 0 0 0 1 1 0 0 0 0 0 1 0 1 1 1 0 1 1 0 1 1 1 0 1 1 1 1 1 0 1 1 1 1 0 0 0 0 0 0 0 1 1 1 1 0 1 1 0 0 0 1 0 1 0 0 1 1 1 1 0 0 1 0 1 0 1 0 0 0 1 0 0 0 0 1 0 0 1 0 1 1 0 1 1 1 0 0 1 0 0 1 1 1 0 1 0 1 1 1 0 1 1 1 1 0 1 0 1 0 0 0 0 0 0 0 1 1 0 0 1 1 1 0 0 1 0 0 0 0 0 1 0 0 0 1 1 1 1 1 0 1 0 0 0 1 1 1 0 1 1 0 1 0 1 0 0 1 0 0 1 0 1 0 1 0 0 1 0 0 1 0 1 1 1 1 1 0 1 1 1 1 1 1 0 0 0 1 0 1 1 0 0 0 1 1 1 1 0 0 1 0 1 0 1 0 1 1 1 0 1 0
376 14 313
0 0 0 0 0 0 1 1 1 0 0 0 1 0 1 1 0 1 1 1 1 0 1 1 0 1 1 0 1 0 0 1 1 1 1 0 1 0 1 0 1 1 0 0 0 1 1 1 1 0 1 0 1 1 1 0 1 0 0 0 0 0 0 1 0 0 0 0 0 0 1 1 0 0 1 0 0 1 1 1 1 0 0 1 1 0 0 1 0 0 0 1 1 0 1 0 0 0 0 0 1 0 1 1 0 0 0 1 0 0 1 0 1 0 1 1 0 1 0 0 1 1 1 1 0 0 0 0 0 1 0 0 0 0 0 0 0 1 0 1 1 1 1 0 0 1 1 1 0 1 0 1 0 0 1 1 1 0 0 0 0 0 0 0 1 0 0 1 1 1 0 0 1 0 1 1 0 1 0 0 1 1 1 1 1 0 0 0 0 0 1 1 1 1 0 0 1 1 0 0 1 0 1 1 0 1 1 1 0 0 1 1 0 0 1 0 0 1 1 0 0 0 1 1 1 0 1 1 0 0 0 1 1 1 0 0 1 1 0 1 1 1 0 0 0 0 0 1 0 1 1 0 1 0 1 0 0 1 0 1 1 1 0 0 1 1 1 0 1 1 0 0 1 0 1 0 1 1 1 1 0 1 0 0 0 1 0 1 1 0 1 1 1 0 0 1 1 1 1 0 0 1 0 0 0 1 1 1 0 1 1 0 0 0 1 0 1 1 0 1 1 1 0 0 0 0 0 0 0 1 0 0 0 1 1 0 0 0 1 1 1 1 0 0 0 0 1 0 0 1 0 0 0 1 0 0 0 0 0 0 1 1 0 0 0 0 1 1 0 1 0 1 0 0 0 0
228 212 449
0 0 0 0 0 0 0 1 1 0 0 1 1 1 0 0 0 1 1 0 1 1 0 0 0 0 0 0 1 1 0 0 0 0 0 0 0 0 0 0 1 0 0 1 1 1 0 1 0 1 1 1 0 0 0 1 0 0 0 1 1 1 0 0 1 1 1 1 1 1 0 0 1 0 1 0 1 0 0 1 0 0 0 1 0 1 0 1 1 0 1 1 0 0 1 0 1 1 0 0 1 1 1 1 0 0 0 1 0 1 0 0 0 1 0 0 0 0 0 1 0 0 1 0 1 0 0 0 0 0 0 0 0 0 1 1 1 0 1 1 0 0 0 1 1 0 1 0 1 0 0 0 0 0 0 1 0 1 1 0 1 0 1 1 1 1 1 1 0 0 0 0 0 0 0 1 0 0 0 1 1 1 1 0 1 0 0 1 1 0 0 0 1 0 1 1 1 1 1 0 1 1 0 1 0 1 0 0 1 0 0 0 1 0 1 0 1 0 0 0 0 0 0 0 0 1 0 0
409 299 523
0 1 1 0 1 0 1 0 0 0 0 1 0 0 1 1 0 1 1 1 0 1 1 0 1 1 1 1 1 0 0 1 1 0 1 0 0 1 1 1 0 0 0 1 0 0 0 0 0 0 1 1 0 0 1 0 1 1 1 1 1 0 0 1 0 1 0 0 0 0 0 1 1 0 1 1 0 1 1 0 0 0 0 1 1 0 1 0 1 0 0 1 0 1 1 1 0 1 0 1 1 1 0 1 1 0 0 0 0 1 0 1 0 0 1 0 1 0 1 1 0 0 0 1 0 1 1 0 1 0 1 0 0 0 0 0 0 0 0 0 1 1 1 0 0 0 1 0 0 0 1 0 0 1 1 1 0 0 0 0 1 0 0 1 0 1 0 0 1 1 0 0 1 0 1 0 1 0 0 1 1 0 1 1 1 0 1 0 1 1 1 1 1 1 1 0 1 0 0 1 1 0 1 0 1 0 0 1 1 1 0 1 1 1 1 0 1 0 1 0 1 1 1 0 0 0 0 0 0 1 0 1 0 1 0 0 0 0 1 1 0 0 0 1 0 1 1 0 1 1 0 0 1 0 0 0 0 0 1 0 0 1 0 1 1 0 1 1 0 1 0 1 1 1 1 0 0 1 0 0 0 0 0 1 1 0 0 1 1 1 0 0 1 0 0 0 0 0 0 0 1 1 1 0 1 0 1 0 0 0 1 0 1 1 0 1 1 0 0 0 0 0 1 0 1 0 1 0 1 1 0 1 0 0 0 0 0 1 0 0 1 0 0 0 0 0 0 0 0 1 1 1 1 0 1 1 0 0 1 0 1 0 0 0 0 0 1 1 1 0 1 0 1 1 1 1 1 1 0 1 1 1 1 0 0 1 0 0 1 1 0 1 1 0 0 1 1 0 0 0 0 1 1 0 0 0 1 0 1
353 251 50
1 0 0 1 1 1 1 1 1 1 1 1 1 1 0 0 1 1 0 1 1 0 0 0 1 1 0 1 0 1 0 1 0 1 1 0 0 1 1 0 0 1 1 0 1 1 1 1 0 1 1 0 0 0 1 0 1 1 1 0 1 1 0 0 0 1 1 1 1 1 0 0 1 1 0 1 0 1 0 1 1 1 0 1 1 0 0 0 0 1 1 1 0 0 1 1 1 0 0 1 1 1 0 0 1 1 1 0 1 0 1 0 1 0 0 0 0 0 1 1 0 0 0 0 1 0 1 0 0 0 0 0 1 1 0 0 0 0 0 1 0 0 0 0 1 0 1 1 0 1 1 1 0 1 0 1 0 0 0 0 0 0 0 0 1 1 0 0 0 1 1 0 1 1 0 0 1 1 1 1 1 1 1 1 1 1 0 0 1 1 1 1 1 1 1 0 1 1 0 1 1 1 1 1 0 0 0 1 1 1 0 1 1 0 1 1 1 1 1 0 0 1 1 0 1 1 1 1 0 0 0 1 0 1 1 0 1 0 0 1 0 1 1 1 1 1 1 1 0 1 1 0 0 1 0 0 1 0 0 1 1 0 0 1 0 0 0 0 0 1 0 0 0 0 1 1 0 1 1 1 1 1 0 0 1 0 1 1 0 1 1 1 0 0 0 0 1 1 0 1 1 1 1 1 0 0 0 0 0 0 1 1 1 0 1 1 0 1 1 1 0 1 1 1 1 1 1 0 0 0 1 0 1 1 1 1 1 0 1 0 0 0 1 1 0 0 0 1 0 1 0 1 0
729 335 582
1 1 1 1 0 0 1 1 1 0 1 0 1 1 1 0 1 0 0 0 0 0 1 0 1 1 0 1 0 0 1 1 0 0 1 0 1 1 1 1 1 0 0 1 0 1 0 1 1 1 0 0 0 1 0 1 1 1 1 0 0 0 0 1 1 1 0 0 1 1 0 1 0 1 0 0 1 0 0 1 0 1 1 0 0 1 1 1 0 0 0 1 1 1 1 1 1 0 0 1 0 1 0 0 0 0 1 1 0 1 1 0 0 1 0 0 1 0 0 0 1 0 0 1 0 1 1 0 0 1 1 1 1 0 0 1 1 1 0 1 0 0 0 1 0 1 0 0 0 1 0 0 1 0 1 1 0 0 1 0 0 0 0 1 1 0 0 1 0 1 0 1 0 1 0 1 1 1 1 0 1 1 0 0 1 0 0 0 0 1 1 1 0 1 1 0 0 0 0 0 0 1 1 1 1 0 1 0 1 0 1 0 0 0 0 1 1 0 0 1 1 1 1 0 1 0 1 0 1 0 1 1 1 0 1 1 0 1 0 0 1 1 1 0 0 0 0 1 1 0 0 0 0 0 0 0 1 0 1 1 1 0 0 1 1 1 1 1 0 0 0 0 1 0 0 1 0 1 1 0 0 0 1 1 1 0 1 1 0 1 0 0 0 1 0 0 1 1 0 1 0 0 1 1 1 1 0 1 0 0 1 1 0 0 0 1 1 0 0 0 1 0 1 0 0 0 0 0 0 1 0 1 0 1 1 1 0 1 0 0 0 0 1 1 0 1 1 0 0 1 1 1 1 0 1 1 1 0 1 1 0 1 1 0 0 0 1 0 1 1 0 1 1 0 0 0 1 1 1 1 0 1 1 0 0 1 0 1 0 1 0 0 1 1 0 0 1 1 1 1 1 1 0 1 0 0 0 0 1 0 0 1 0 0 1 1 0 1 1 1 0 1 1 0 0 0 0 1 1 0 1 0 0 1 1 0 1 0 1 0 0 1 1 0 1 1 1 0 0 1 1 0 1 0 1 0 0 1 1 0 1 1 1 1 0 1 0 1 0 1 0 1 0 1 0 0 1 1 1 1 0 1 0 0 0 1 0 0 1 0 1 0 0 0 1 0 1 1 1 1 0 1 0 1 0 0 1 1 1 0 0 1 1 1 0 1 0 1 0 0 1 1 1 1 0 1 1 1 0 1 0 0 0 1 1 0 1 1 0 0 1 0 1 0 0 1 0 0 1 0 0 1 1 1 0 1 1 1 0 0 0 0 0 0 0 0 1 1 1 0 1 0 1 0 0 0 0 1 0 0 1 0 1 1 0 1 0 1 0 0 0 0 1 0 0 1 0 0 1 1 1 1 0 0 0 1 1 0 0 1 1 1 0 0 1 1 0 1 1 0 1 1 0 0 0 1 1 0 1 1 1 0 0 0 0 0 1 1 1 1 1 0 0 1 1 1 1 1 0 1 0 0 0 0 0 0 1 0 0 0 0 0 1 0 0 1 1 0 0 0 1 1 0 0 0 1 1 1 1 1 0 0 0 0 1 1 0 0 0 0 0 1 1 0 1 0 1 0 1 1 1 1 1 1 1 0 0 0 0 1 1 1 0 0 1 0 0 0 0 1 1 1 0 0 0 1 1 1 0
55 54 398
0 1 1 1 0 1 1 0 1 1 1 1 1 0 1 0 1 1 0 1 0 1 0 0 0 1 1 1 1 1 0 1 1 0 0 1 0 1 0 1 1 1 1 1 0 1 1 1 1 0 0 1 1 1 1
366 337 515
0 1 0 0 0 0 0 0 1 1 0 0 1 0 0 1 1 0 1 1 0 0 1 0 1 0 1 0 1 1 0 1 1 1 1 1 0 0 0 0 0 1 0 0 0 0 0 1 0 0 0 0 0 1 1 1 1 0 0 0 0 0 0 1 0 1 0 0 1 1 1 1 1 1 0 0 0 1 1 1 0 0 0 1 1 0 1 0 1 1 0 1 1 1 1 1 1 0 1 0 1 0 1 1 1 0 1 1 1 1 0 0 1 1 0 1 0 1 0 1 0 0 0 0 1 1 0 1 1 1 1 0 0 1 1 0 1 0 1 0 0 1 0 0 0 1 0 0 1 0 0 0 0 0 1 0 0 0 1 1 0 0 0 1 0 0 0 1 0 1 1 1 0 0 1 1 0 0 0 0 1 1 0 1 1 1 1 1 0 1 0 0 1 1 1 1 0 1 0 1 1 0 0 0 1 0 0 0 1 0 0 0 1 1 1 0 1 1 1 0 0 0 0 1 1 1 1 0 1 0 0 0 1 0 0 0 1 1 0 0 0 0 0 1 1 0 1 1 1 1 1 1 1 1 0 0 0 1 0 0 1 1 0 1 1 1 1 1 0 0 1 1 1 1 0 1 1 0 0 1 0 0 1 0 1 0 0 1 0 1 0 0 1 1 0 0 1 0 0 0 1 0 1 0 0 1 0 0 1 0 1 0 0 0 1 0 1 1 0 1 0 1 1 1 1 0 1 1 1 1 0 0 1 1 0 1 0 1 1 1 1 1 0 1 0 1 1 0 1 0 1 0 1 0 0 1 1 1 0 1 0 0 1 1 1 1
718 537 313
0 0 1 1 1 1 0 1 0 1 0 1 0 0 1 1 1 0 1 1 1 1 1 1 1 1 1 1 1 1 0 1 0 1 0 1 0 0 1 1 1 0 0 0 1 1 1 0 0 1 1 1 0 0 1 0 0 1 0 1 0 0 0 1 1 1 0 0 1 1 0 0 0 0 1 1 0 0 0 1 1 0 1 1 0 1 1 1 1 0 1 0 0 1 1 0 0 0 0 1 1 0 1 0 1 1 0 0 1 0 0 0 0 0 1 0 0 0 0 1 1 0 1 0 1 1 0 0 1 0 0 0 0 0 0 0 0 0 1 1 0 0 0 1 1 1 1 0 1 1 1 1 0 1 1 0 0 0 0 0 0 0 1 1 1 1 0 1 1 0 0 1 1 1 0 0 0 1 1 0 1 1 0 1 0 0 1 1 1 0 0 1 1 1 0 1 0 0 1 1 1 1 1 1 0 0 1 1 1 1 0 0 0 0 1 0 0 1 1 1 1 1 0 1 0 1 1 1 1 0 0 1 1 0 0 0 1 0 0 0 1 1 0 0 0 0 1 0 1 1 0 0 1 0 1 1 1 0 0 1 1 1 1 0 1 0 1 0 1 0 0 0 1 1 0 0 0 0 1 1 1 1 0 0 1 0 1 1 1 1 1 1 1 1 0 0 1 1 1 1 0 0 0 0 1 1 0 0 1 1 1 0 1 0 0 0 1 1 0 1 0 1 0 0 0 1 1 1 0 1 0 1 1 0 1 0 0 1 0 0 0 1 1 0 1 1 0 1 0 0 1 0 1 0 1 1 1 0 0 0 0 0 0 1 0 1 0 0 0 1 1 1 1 0 0 1 1 1 1 0 1 0 1 1 0 0 0 0 1 0 1 1 0 1 0 0 1 0 1 1 1 0 0 1 0 1 1 1 1 1 0 1 0 1 0 1 1 0 0 1 1 1 1 0 1 1 1 0 0 1 0 1 0 0 0 0 0 1 0 1 1 1 0 0 1 1 1 1 0 1 0 1 1 0 0 1 1 0 1 1 1 0 0 1 0 0 1 1 1 0 1 0 1 1 0 0 1 0 0 0 1 1 0 1 0 1 1 0 0 1 0 0 0 0 1 0 1 1 1 1 0 1 1 0 0 0 1 1 1 1 1 1 0 0 0 1 0 0 1 1 1 0 1 0 0 0 0 0 1 1 0 0 0 0 1 1 0 1 1 0 0 1 1 0 0 1 1 1 1 1 0 1 1 1 1 1 1 0 0 1 1 0 1 1 1 1 1 0 1 0 1 0 1 0 1 0 1 1 0 0 0 0 0 0 0 1 0 1 0 0 1 0 0 0 1 1 1 1 1 0 0 1 0 1 1 1 0 1 0 0 1 0 0 1 1 1 0 1 0 1 1 1 1 0 0 0 0 0 1 1 0 1 0 1 0 1 1 0 0 1 0 1 0 0 1 1 0 0 0 0 0 0 0 0 1 1 1 1 1 0 1 0 1 1 1 0 1 0 1 1 1 1 1 0 0 1 1 0 0 1 1 0 1 0 0 1 0 1 0 0 0 1 1 0 0 1 0 1 0 1 1 0 1 0 1 1 0 1 1 1 1 0 1 1 1 0 0 0
23 15 533
1 1 0 1 1 1 0 1 1 1 1 0 1 1 0 0 1 0 0 0 1 0 1
161 10 295
0 1 0 1 1 1 0 0 0 1 1 1 0 0 0 0 1 1 0 0 0 1 1 0 1 0 0 0 0 1 1 1 0 1 0 1 1 1 0 1 1 1 1 1 1 1 0 1 1 0 0 0 0 1 1 1 1 0 0 1 0 0 0 1 1 0 0 1 1 1 1 0 0 0 0 1 0 0 0 0 1 1 1 1 0 1 1 1 0 0 0 1 1 1 0 0 0 0 0 0 1 0 0 0 1 0 0 1 0 1 1 1 0 1 0 0 0 1 0 1 0 0 1 0 0 0 0 1 1 0 1 1 1 0 1 1 0 0 1 0 1 1 1 1 0 1 1 0 0 1 1 0 0 1 1 1 1 1 0 0 0
730 385 26
0 1 1 0 1 1 0 1 1 0 0 0 0 1 0 1 0 0 0 0 1 0 0 1 0 0 0 1 1 1 1 1 1 0 1 1 0 1 0 0 1 0 1 1 1 1 1 0 1 0 1 1 1 0 0 0 1 0 0 1 0 1 0 1 0 0 0 0 1 0 1 1 0 0 1 1 1 0 0 1 1 0 0 0 0 0 0 1 0 0 0 1 1 0 0 0 1 1 1 0 1 1 0 1 0 1 0 0 0 1 1 0 0 0 1 0 1 1 1 1 1 0 0 1 1 0 0 1 1 1 1 0 0 0 1 1 1 1 0 0 0 0 1 1 1 0 0 1 1 0 0 0 1 0 1 1 0 1 0 1 0 1 0 1 1 0 0 1 0 1 0 0 0 1 0 0 1 0 0 1 0 1 1 0 0 1 1 1 0 1 0 0 1 0 1 1 0 0 0 1 0 1 1 0 1 1 1 1 0 0 1 1 0 1 0 1 1 1 0 1 0 1 1 0 1 0 1 0 1 1 0 0 1 1 1 0 0 1 0 1 1 0 1 0 0 0 0 0 1 1 1 1 1 0 0 0 0 0 0 0 0 0 1 1 1 1 0 0 1 1 1 0 0 1 1 0 1 0 1 0 0 0 1 0 1 0 1 1 0 0 0 0 1 0 1 0 1 1 1 0 0 1 0 0 1 1 0 1 1 0 0 1 0 0 0 0 0 0 0 1 0 0 0 1 0 0 0 1 0 1 0 0 0 0 1 0 1 1 0 0 0 1 0 0 1 1 1 1 1 1 0 0 1 1 0 1 0 0 0 1 0 0 1 1 1 1 0 1 1 0 1 0 1 1 1 0 0 0 0 0 1 1 0 1 1 0 0 1 1 0 0 1 1 0 0 1 0 0 0 1 0 0 0 1 1 1 1 1 0 0 1 0 0 0 0 0 0 1 0 1 1 1 1 1 0 1 1 1 0 1 1 1 0 1 0 1 0 1 1 1 1 1 0 1 0 0 0 1 1 0 0 1 1 1 1 1 0 0 0 0 1 1 0 1 1 1 1 1 0 1 1 0 0 1 1 1 0 0 1 0 0 0 0 1 0 1 0 0 1 0 0 0 1 1 1 1 1 1 1 1 0 0 0 1 0 1 0 1 1 1 0 1 1 0 1 1 0 0 1 1 0 1 0 1 1 1 0 0 1 0 1 0 0 1 1 1 1 0 0 0 1 1 1 0 0 0 1 1 0 0 1 0 1 0 0 1 1 1 1 1 0 0 0 1 1 0 1 0 1 0 1 0 1 1 0 0 1 0 1 0 1 1 0 1 0 1 0 1 1 0 0 0 0 0 0 1 0 1 1 1 0 1 1 1 1 1 0 0 0 1 0 0 1 0 1 1 0 0 1 0 1 1 1 1 0 1 1 1 1 0 0 1 1 0 1 0 1 1 0 0 0 0 0 1 0 1 0 1 0 1 0 1 1 0 1 0 0 1 0 0 0 1 1 0 1 1 0 0 0 1 0 0 0 1 1 0 0 0 1 1 0 0 1 0 1 1 0 1 0 0 0 1 0 0 0 0 1 0 0 1 1 1 0 1 0 0 1 0 0 1 1 1 0 1 0 1 0 1 1 0 1 1 1 0 0 0 1 1 1 1
63 25 564
1 1 1 0 0 1 1 1 0 1 0 1 1 0 1 0 0 0 0 0 0 0 1 1 1 1 0 1 0 1 1 1 0 0 1 1 0 0 0 1 1 0 1 0 0 1 0 0 1 1 1 0 1 1 1 0 1 0 0 0 1 1 0
171 135 448
0 1 1 0 0 1 1 1 0 1 0 0 1 1 1 0 1 1 0 0 1 0 1 1 1 0 1 0 0 1 0 0 0 1 0 0 1 1 0 1 1 0 0 0 1 1 0 1 1 1 1 0 1 0 0 1 0 0 1 0 0 0 0 0 1 0 0 1 1 1 1 1 1 0 1 1 0 0 0 0 0 0 0 0 1 0 0 0 0 0 1 0 0 0 0 0 0 0 0 1 0 1 1 1 1 0 1 1 0 1 0 0 0 1 0 0 0 0 1 0 1 0 1 1 0 1 0 0 1 1 0 0 1 1 0 0 1 0 1 1 1 0 1 1 0 1 1 0 1 1 0 0 1 0 0 1 1 1 0 0 1 0 1 1 1 1 0 0 1 0 1
391 337 416
1 0 0 0 0 1 0 0 0 0 0 0 0 1 0 1 0 1 1 0 1 0 0 0 0 1 0 1 1 0 0 0 0 1 0 0 1 0 1 1 1 1 1 0 0 1 1 0 1 0 0 1 0 1 1 0 0 0 1 0 1 1 0 1 1 0 1 0 0 1 1 0 0 0 1 1 1 1 0 0 1 1 1 1 1 0 0 0 0 0 0 1 1 0 0 0 1 1 0 1 1 0 0 0 1 0 0 1 1 0 1 1 1 0 1 1 1 1 1 0 0 1 1 0 1 0 0 0 0 0 0 1 0 0 1 0 0 0 1 1 0 1 0 0 1 0 1 1 0 0 0 0 0 0 1 0 0 1 1 1 0 1 1 1 1 0 1 0 0 1 1 1 1 1 1 0 1 0 1 1 0 0 1 0 0 1 1 0 0 1 1 0 0 1 1 1 1 1 0 0 0 0 0 1 1 0 1 1 0 0 1 1 0 1 0 0 1 0 1 0 1 1 1 0 1 0 0 1 0 0 0 1 0 1 0 1 0 0 0 0 1 0 0 1 1 0 0 0 1 0 1 0 0 1 0 1 1 1 1 1 1 0 0 0 0 0 0 1 0 1 0 1 1 1 0 1 1 0 1 1 1 0 0 1 0 1 0 1 0 0 1 1 1 0 1 1 0 0 0 1 0 0 0 0 0 0 0 0 0 1 1 1 0 0 1 0 1 1 1 1 1 1 0 1 0 0 1 0 0 1 0 0 1 0 1 0 0 1 1 1 1 1 1 0 0 0 0 1 0 1 1 1 1 0 0 0 0 1 0 0 0 0 0 0 1 1 1 0 1 0 1 0 1 0 0 1 1 0 1 0 1 1 1 1 0 1 0 0 1 1 1
674 352 542
0 0 0 0 0 0 0 0 0 1 0 1 0 1 0 0 0 0 0 0 0 1 0 0 1 1 0 0 1 0 1 1 0 1 1 1 1 0 0 0 1 1 0 1 0 0 0 0 1 0 1 1 0 1 0 0 1 0 0 1 0 0 0 1 1 1 0 0 1 1 1 0 1 0 0 1 1 1 1 1 0 1 0 0 0 1 1 1 1 0 1 1 0 1 1 1 1 0 1 1 0 0 0 0 0 1 1 1 1 1 1 1 1 0 1 1 1 0 1 0 1 1 0 0 0 1 1 1 1 0 0 0 0 0 0 1 0 1 1 1 0 0 0 0 1 0 1 1 1 0 0 1 1 0 0 0 1 1 0 1 1 0 1 1 0 0 1 0 0 0 0 0 0 0 1 1 1 0 0 1 0 0 1 0 1 1 1 0 1 0 0 1 1 1 0 1 1 1 1 1 0 0 1 0 0 1 1 1 1 0 0 1 1 1 1 1 1 0 1 1 0 0 0 1 1 1 0 0 1 0 0 0 0 0 1 0 1 0 1 0 1 0 0 1 0 1 0 0 1 1 1 1 1 1 1 1 1 1 0 0 1 1 1 0 0 1 0 0 1 0 1 1 0 1 1 0 1 0 0 1 0 0 1 0 0 0 1 0 1 0 0 0 1 1 1 0 0 1 0 0 1 1 1 0 1 0 1 0 0 1 0 1 0 1 1 1 0 0 1 1 0 0 0 1 1 0 0 0 0 0 0 0 1 0 0 1 0 1 1 0 1 0 1 0 1 1 1 1 0 1 1 0 0 1 1 1 0 0 1 0 1 1 1 0 1 1 0 1 1 1 1 1 0 1 1 1 0 0 1 0 0 1 1 1 0 1 1 1 1 0 1 1 1 0 1 0 1 0 0 1 1 0 1 1 0 0 0 0 0 0 1 0 0 1 0 1 0 1 1 1 0 1 0 0 1 1 1 1 1 1 1 1 1 0 1 0 1 1 1 1 1 0 0 0 0 0 1 0 0 0 0 1 1 1 0 1 0 0 1 1 1 0 1 1 1 0 1 1 0 0 1 0 1 1 0 1 0 0 0 1 0 0 0 1 1 0 1 0 0 1 1 1 0 1 0 1 1 1 1 1 0 0 0 1 1 1 0 1 0 1 1 1 0 0 1 1 1 1 0 0 1 0 0 0 0 1 1 1 0 1 0 0 1 1 0 0 0 1 1 1 0 0 0 0 0 1 0 1 1 1 0 0 0 0 1 0 1 0 0 1 1 0 0 0 1 0 0 0 0 1 1 1 1 0 1 0 1 1 0 0 1 0 1 0 0 0 0 1 0 1 1 0 0 1 1 0 1 0 1 1 0 1 0 1 0 1 0 0 1 0 1 0 1 1 0 0 1 0 1 0 0 0 0 0 1 1 0 1 1 1 1 0 0 0 0 0 1 1 0 0 1 1 1 1 1 0 1 1 1 0 1 1 1 1 1 1 1 0 0 1 1 1 0 1 0 1 0 1 0 1 1 0 1 0
374 75 632
1 0 0 1 1 1 0 0 1 0 0 1 0 1 0 1 1 1 0 0 1 1 0 0 0 1 0 1 1 0 0 0 1 1 1 1 1 1 1 0 1 0 0 1 0 0 1 1 1 1 1 0 0 1 1 0 0 1 0 1 0 0 1 0 1 0 0 1 1 1 0 1 0 1 1 1 1 1 0 1 1 0 0 0 0 1 1 0 1 0 0 1 1 1 0 1 1 1 0 1 0 0 1 1 0 0 1 0 1 0 0 0 1 0 1 1 1 0 1 0 0 0 1 1 0 0 0 0 1 1 0 1 0 1 1 0 1 0 1 1 0 1 0 0 1 0 1 1 0 0 1 1 0 1 1 0 0 1 1 0 1 0 0 1 1 0 0 1 1 1 0 0 1 0 1 0 1 0 0 0 0 1 1 0 1 0 1 0 1 0 1 1 1 1 0 0 0 1 1 1 1 1 0 0 1 1 0 1 0 1 1 1 1 0 0 1 1 0 0 0 0 1 0 1 1 0 1 1 0 1 1 0 0 1 0 1 0 1 0 1 0 0 0 1 1 1 1 0 1 1 0 0 1 0 1 1 0 1 0 0 1 1 0 1 0 1 0 1 0 0 0 0 0 1 1 0 1 0 1 0 1 0 1 0 0 1 1 0 0 0 1 1 1 0 0 0 0 0 0 1 0 0 0 1 1 0 1 1 0 1 1 1 0 1 0 0 1 1 0 0 1 1 0 1 1 1 1 1 1 1 0 0 1 0 0 0 1 0 1 0 0 0 0 0 1 0 0 0 0 1 1 1 0 0 0 0 1 1 0 0 1 1 0 0 1 1 1 1 0 0 0 1 0 1
426 421 363
0 1 0 1 1 0 0 0 0 0 1 1 1 0 1 0 1 0 1 0 1 0 0 1 0 0 1 0 1 0 1 1 0 1 1 1 1 1 0 1 1 0 1 1 1 1 0 0 0 1 0 1 1 1 1 0 0 1 1 0 0 0 1 0 1 0 1 0 0 1 1 1 0 0 0 1 0 0 0 0 1 1 0 1 1 0 0 1 1 1 0 0 1 1 1 1 0 1 1 1 0 1 0 1 1 1 0 1 0 0 1 1 0 0 1 0 1 0 0 0 0 1 1 0 0 1 0 0 0 1 1 0 0 0 1 0 0 0 0 0 1 1 1 1 1 1 1 0 1 1 1 1 0 0 1 0 1 1 0 1 0 1 1 0 1 0 0 0 1 1 0 1 0 1 1 1 1 1 1 0 1 0 0 0 0 0 1 1 0 0 1 1 0 1 1 0 1 1 0 1 0 0 1 0 0 1 0 1 0 0 0 1 1 0 0 0 1 0 1 1 1 0 0 1 1 1 1 1 0 1 0 0 1 0 0 1 1 1 0 1 1 0 0 1 0 1 1 1 0 1 0 0 0 1 0 1 1 0 1 0 1 1 0 0 1 0 0 1 1 1 0 1 1 0 1 0 0 1 1 0 1 1 0 1 0 0 1 1 0 0 0 0 1 0 0 1 0 0 0 0 1 1 1 1 0 1 0 1 1 1 0 0 0 0 1 1 1 0 1 0 1 0 0 1 0 0 1 0 0 0 1 1 0 1 0 1 0 1 0 1 0 0 1 1 0 0 0 0 0 1 1 1 1 1 0 0 0 0 0 1 0 1 0 1 0 1 0 0 0 1 1 0 0 0 1 1 0 0 0 1 0 1 0 0 0 1 0 0 0 0 0 0 1 0 1 0 1 0 0 0 0 1 1 0 1 1 1 1 0 1 1 0 1 1 0 1 0 0 1 1 1 0 0 0 1 1
433 171 501
0 0 0 0 1 1 0 0 0 1 1 0 1 0 1 1 0 1 1 0 1 0 1 1 0 1 0 1 0 0 0 0 0 1 0 0 0 0 1 1 0 1 0 1 1 1 0 0 0 0 1 1 1 0 0 0 0 0 1 0 0 1 1 1 1 1 0 0 1 0 1 0 1 0 1 0 0 0 1 1 1 1 1 1 0 0 1 1 0 1 0 0 0 0 1 1 1 1 1 0 1 1 0 1 1 0 1 1 0 0 0 1 0 1 1 1 0 1 1 0 1 1 0 1 0 0 0 1 0 1 0 1 0 0 1 0 1 0 1 0 1 0 0 0 0 1 0 1 1 1 0 1 1 0 0 1 0 1 1 0 0 1 0 1 0 0 1 1 1 1 0 0 1 1 1 1 1 0 1 1 0 1 1 0 0 0 0 1 1 1 0 0 0 0 1 1 1 1 0 1 0 1 0 0 1 1 1 1 0 1 0 0 0 0 1 1 1 0 1 0 0 1 1 1 1 1 1 0 0 1 1 0 1 0 0 0 0 0 1 0 1 1 1 1 0 0 0 0 1 1 1 0 1 0 0 0 0 1 0 0 0 1 0 0 0 0 1 0 0 0 0 0 0 1 1 1 0 1 0 0 0 1 0 0 0 0 1 0 1 0 1 1 1 0 1 0 1 0 1 1 0 0 0 0 0 1 0 1 0 1 1 0 1 0 1 1 0 1 0 1 0 0 1 0 1 0 1 1 0 1 0 0 1 1 0 0 0 1 1 0 1 1 0 0 0 1 1 1 0 0 0 1 0 1 0 1 1 1 1 1 1 1 1 1 1 1 0 0 0 0 1 1 1 0 0 0 1 1 0 0 0 1 0 1 1 0 1 1 0 0 1 1 0 1 0 0 0 0 0 0 0 1 0 0 1 0 0 1 0 0 0 0 0 0 0 0 0 0 1 1 0 0 1 1 1 0 0 0 0 1 1 0 1
341 34 606
0 0 0 1 1 0 0 0 1 1 0 0 1 1 0 0 0 1 0 1 1 0 0 0 0 1 0 0 0 1 0 1 0 1 0 1 0 0 1 1 0 0 1 0 0 0 0 1 0 1 1 1 1 1 1 0 1 0 0 1 1 1 1 1 1 1 1 0 0 1 1 1 1 1 1 0 1 1 1 1 0 1 0 1 1 0 0 0 1 1 1 1 0 1 1 1 0 0 1 0 1 1 1 1 0 1 1 0 0 0 0 1 1 0 1 1 1 1 0 1 1 0 1 1 0 1 0 0 1 0 1 1 1 1 1 1 0 0 0 1 1 1 0 1 0 0 1 0 0 0 0 0 0 1 0 0 0 1 1 0 1 0 1 0 1 1 1 1 1 1 0 0 1 0 1 1 0 1 1 0 1 1 0 1 0 0 1 0 1 0 1 1 1 1 1 0 0 1 0 1 0 1 1 1 0 1 0 0 0 0 1 1 0 0 0 0 1 1 1 1 0 0 0 0 0 1 1 1 0 0 1 1 0 0 0 0 1 1 1 0 1 0 1 0 1 1 1 0 1 0 0 1 0 0 0 0 1 1 1 1 0 1 0 1 1 0 0 0 1 0 0 0 0 1 0 0 1 1 1 0 1 0 0 1 0 1 0 1 1 0 1 1 1 0 1 0 1 0 1 0 0 1 1 1 1 1 1 1 0 0 1 0 0 1 0 0 0 1 1 0 1 0 0 0 1 1 1 0 1 1 1 0 0 0 0 1 1 1 0 0 1
152 117 672
0 1 1 0 1 0 1 1 1 1 0 0 0 1 1 0 0 1 1 0 1 1 1 0 0 0 1 1 1 1 0 1 0 1 1 0 1 1 0 0 1 1 0 1 0 1 0 0 0 0 1 1 0 1 1 0 0 0 1 0 0 0 1 1 1 0 1 1 0 1 1 0 0 1 0 0 0 0 1 0 1 1 1 0 0 1 0 0 0 1 1 1 0 0 1 1 1 0 1 1 1 0 1 0 0 0 0 1 1 1 1 0 0 0 1 1 0 0 1 1 1 0 1 0 0 0 1 0 0 0 1 0 1 0 0 1 0 0 0 0 1 1 1 0 0 1 1 0 0 0 0 0
50 3 235
1 1 0 0 0 0 0 1 0 0 0 0 1 1 0 0 1 1 1 1 0 1 0 1 0 0 1 1 1 1 1 0 1 1 0 1 1 0 0 1 0 0 1 0 0 1 1 0 0 1
148 109 348
1 1 0 0 1 1 1 0 1 1 1 0 0 0 0 0 1 1 1 1 0 1 1 0 0 1 1 1 1 0 0 1 1 0 1 1 1 1 1 0 1 1 0 0 1 0 1 0 1 0 0 0 1 0 1 0 1 0 1 1 0 0 1 1 0 0 0 0 1 0 0 1 0 0 1 0 1 0 1 1 1 1 0 1 1 1 0 1 0 0 1 1 1 1 0 1 0 0 1 0 1 0 0 0 1 0 0 1 0 1 0 1 0 0 1 0 0 1 1 1 1 0 0 1 1 0 0 1 1 0 1 0 0 0 1 0 0 1 1 1 0 1 1 1 0 1 0 0
20 9 168
0 0 1 0 1 0 0 1 1 0 0 0 0 1 0 1 1 1 0 0
564 247 214
1 0 1 0 0 1 1 0 0 1 1 1 1 0 0 1 1 1 0 1 1 0 1 0 1 1 0 0 1 1 0 0 0 0 1 1 1 0 0 0 0 1 0 1 1 0 1 1 1 1 1 1 1 1 1 0 0 1 1 1 1 1 0 0 0 1 1 1 0 1 0 0 0 0 0 0 1 0 0 1 0 0 1 1 0 0 0 0 0 1 0 1 1 1 0 1 1 0 0 0 1 0 0 1 0 1 0 0 0 1 0 0 0 0 1 0 0 1 0 0 0 1 0 1 1 1 0 0 0 0 0 0 0 1 1 0 0 0 0 1 0 1 1 0 0 1 0 0 0 1 0 1 1 1 1 0 1 1 0 1 0 1 0 0 1 0 1 1 0 1 0 1 0 0 0 1 0 0 0 1 1 0 1 1 0 1 1 0 0 0 1 0 0 1 1 1 0 1 1 0 0 1 1 1 1 1 1 0 0 0 1 0 1 0 1 1 0 1 1 1 1 0 0 1 0 1 1 1 1 1 1 1 0 1 1 0 1 1 0 0 1 1 0 1 0 0 0 1 0 0 0 0 0 1 1 0 0 0 0 1 1 0 1 0 1 1 1 0 0 0 1 1 0 0 0 1 1 1 1 1 0 0 0 0 0 0 0 1 1 0 0 1 0 1 0 1 0 1 0 0 0 0 0 0 1 0 1 1 0 1 0 0 1 0 0 1 1 0 0 1 1 1 0 1 0 1 1 0 1 1 0 1 0 0 1 1 0 1 1 0 1 0 1 1 1 1 0 1 1 1 0 0 1 0 1 0 0 0 0 0 0 1 1 1 1 0 1 0 1 1 1 1 0 1 0 1 1 1 0 1 1 0 0 1 0 0 1 1 1 0 1 0 0 1 0 0 1 1 0 0 0 0 0 1 1 1 1 0 1 0 1 0 0 1 0 1 0 1 1 1 1 1 1 0 0 0 1 0 1 0 0 0 1 1 0 1 0 0 0 0 1 1 0 0 0 0 1 0 1 1 0 0 1 0 1 0 0 0 0 0 0 0 0 0 1 1 1 1 0 0 0 1 1 1 1 1 1 1 1 0 1 1 0 0 1 0 1 1 0 1 1 1 0 0 1 0 0 0 0 1 0 0 1 0 1 0 0 0 0 0 1 1 1 0 1 1 1 1 1 0 1 0 0 0 1 1 1 1 0 1 0 0 0 1 0 0 1 0 1 0 0 1 0 0 0 0 1 0 0 0 1 1 0 0 1 1 0 0 1 0 0 1 1 0
171 108 747
1 0 1 0 1 1 1 0 0 1 1 1 0 1 0 1 0 1 1 1 0 1 1 1 0 1 0 1 0 1 0 1 0 0 0 1 1 1 0 1 0 0 0 0 1 1 1 1 0 0 1 0 0 0 0 1 0 1 0 1 1 1 1 1 1 1 0 1 1 1 0 0 0 1 0 0 1 0 1 1 0 0 1 1 1 1 0 1 1 0 1 0 1 1 1 0 0 0 0 0 0 0 0 0 0 1 1 0 1 0 1 0 0 0 0 1 0 0 0 1 0 1 0 0 0 0 0 1 1 0 0 0 0 0 1 1 1 0 1 1 0 1 1 1 0 0 0 0 1 1 0 1 1 1 0 1 1 0 0 1 0 1 0 0 1 1 1 1 1 1 1
588 435 464
1 0 1 0 0 0 0 1 0 0 1 0 1 0 1 1 0 0 1 0 1 1 0 0 1 1 1 1 0 0 0 0 1 0 1 1 0 0 1 0 1 0 0 0 0 0 0 0 1 1 1 0 1 1 0 0 1 0 0 0 0 0 0 1 1 1 1 1 0 1 0 1 1 1 0 0 0 1 0 0 1 1 0 1 1 0 1 1 1 0 0 0 1 0 0 1 1 1 0 1 1 1 1 0 1 0 0 1 1 1 0 1 1 0 0 1 0 1 1 1 1 1 1 1 0 1 0 1 0 1 0 0 0 0 1 1 0 0 1 1 1 1 0 1 1 0 0 0 0 1 1 1 1 0 1 0 0 1 0 0 0 0 1 0 1 1 0 0 0 1 1 1 0 0 0 1 1 0 1 1 1 0 0 0 1 1 1 0 1 1 0 0 0 0 0 1 0 0 1 1 1 0 0 1 1 0 0 1 0 0 1 1 0 1 0 0 0 1 0 0 1 0 1 0 0 1 0 0 1 1 0 0 0 0 1 1 1 1 0 1 1 0 1 0 1 0 1 1 0 1 1 0 1 0 1 0 1 0 1 0 0 0 1 0 0 1 1 0 0 0 0 1 0 0 0 1 0 1 0 0 1 0 0 0 0 1 0 0 0 0 1 1 1 1 0 1 1 1 0 1 1 0 1 1 1 0 0 0 1 0 0 0 0 1 1 1 0 1 1 0 0 1 1 1 1 0 1 0 1 0 0 0 0 1 1 1 1 0 1 1 0 1 1 1 0 1 1 1 1 1 1 0 0 1 0 1 0 0 0 0 1 1 0 1 1 1 1 0 1 1 1 0 1 0 1 1 1 1 0 1 0 0 0 0 1 1 0 0 0 1 0 1 1 1 1 0 0 1 0 1 1 1 1 1 1 0 1 1 0 1 1 0 0 0 0 1 1 0 1 0 0 0 1 1 0 0 1 1 1 0 0 0 1 1 0 0 0 1 0 0 1 1 0 0 1 0 0 1 1 0 0 1 1 0 0 0 1 1 1 0 0 0 1 1 0 0 0 0 1 1 0 0 0 0 0 1 1 0 1 0 0 1 0 0 1 1 1 1 1 0 1 0 0 1 0 1 1 0 0 1 1 1 1 1 0 1 0 0 1 0 1 1 0 0 1 0 0 1 0 1 1 1 1 1 1 0 0 0 0 1 0 0 0 0 0 0 0 0 1 1 1 0 1 1 1 0 1 1 1 1 1 0 0 1 0 1 0 0 1 1 1 1 0 1 0 0 0 0 1 1 0 0 0 0 1 0 1 1 1 1 1 0 0 1 1 1 1 1
56 54 686
1 1 1 0 0 0 1 1 1 1 1 0 1 1 0 1 1 1 0 1 1 0 0 1 1 0 0 0 0 0 1 1 0 1 0 0 1 0 0 1 1 0 0 1 0 0 1 1 0 0 1 0 0 1 1 1
663 405 545
1 0 1 1 1 0 1 1 0 0 1 0 1 1 0 1 0 1 1 1 1 1 1 0 1 0 0 1 0 0 1 1 1 1 0 0 1 0 1 0 1 1 0 1 0 0 0 1 0 1 1 1 1 0 0 0 1 1 1 1 1 1 1 1 1 0 1 0 1 1 1 1 1 1 0 0 0 0 1 0 1 0 1 1 0 1 1 0 1 0 1 0 0 0 1 1 0 0 1 1 1 1 1 1 0 0 0 1 0 0 1 0 1 1 1 1 0 0 1 0 0 0 1 1 1 0 1 0 1 1 0 0 1 0 1 0 1 0 1 0 0 0 1 0 1 1 1 1 1 0 0 0 1 1 1 0 0 1 0 0 1 0 1 0 0 1 1 1 1 0 0 0 0 0 1 1 1 0 1 1 0 1 1 1 0 1 1 1 1 0 0 0 1 1 0 1 1 0 0 0 0 1 1 0 1 1 1 1 1 0 1 1 0 1 0 0 1 1 1 1 0 0 0 0 1 0 1 1 0 1 1 1 1 1 0 1 0 0 0 0 1 0 1 0 1 1 1 1 1 1 1 0 0 1 1 0 0 0 1 1 1 0 0 0 1 1 0 1 1 1 1 1 1 0 1 0 0 0 0 0 1 0 1 1 1 1 1 0 0 0 1 0 1 1 0 1 0 0 1 0 0 0 1 1 1 0 0 0 1 0 1 1 1 1 0 1 0 1 0 0 1 0 0 0 0 0 1 0 0 0 0 0 0 0 0 0 0 0 1 0 0 0 0 0 1 0 0 0 1 1 1 0 0 0 0 1 1 0 1 0 1 1 0 0 0 0 0 0 0 0 0 0 0 0 0 1 0 1 1 0 0 1 1 1 0 1 1 0 1 0 1 1 0 1 1 1 0 0 1 0 0 0 1 0 0 0 1 0 1 1 0 0 1 1 0 1 1 0 1 0 0 0 0 0 0 1 1 1 0 0 0 0 1 1 1 0 1 1 0 0 0 1 0 0 0 1 0 0 1 0 1 1 0 0 0 0 1 0 0 0 1 1 0 1 1 1 1 0 0 0 0 0 1 0 1 1 1 1 0 1 1 0 0 1 0 1 1 1 0 0 1 1 0 0 1 0 0 1 1 1 0 0 1 0 1 1 1 0 1 0 0 1 0 1 0 1 0 1 0 1 1 0 1 1 1 1 0 1 1 0 1 1 0 1 1 1 0 1 1 0 0 0 1 0 0 0 0 0 1 1 0 1 0 0 1 0 0 0 1 0 0 0 0 1 0 1 0 1 1 1 0 0 1 0 0 1 1 1 1 0 0 0 1 1 1 0 1 1 0 0 0 1 1 1 1 1 1 0 1 0 1 1 0 1 0 0 0 0 0 1 1 1 0 0 1 1 0 0 1 0 0 0 0 0 0 0 0 1 1 1 1 1 0 1 0 0 1 0 0 1 0 0 0 0 0 1 1 1 1 0 0 1 0 0 0 1 1 1 1 1 0 1 0
300 165 226
0 1 0 0 1 0 1 0 0 0 1 0 0 1 1 0 0 1 0 0 1 0 0 0 1 1 1 0 1 0 0 1 0 0 1 0 0 1 0 0 0 1 0 0 0 1 0 1 0 1 1 1 1 0 0 1 1 1 1 0 1 0 1 0 1 0 0 0 1 0 1 1 1 1 1 1 1 0 0 1 1 0 0 0 0 0 1 0 1 0 0 0 0 0 1 1 0 1 0 1 0 0 0 1 1 1 0 1 0 0 0 1 1 1 1 1 0 0 0 1 1 0 1 1 0 1 0 1 0 0 1 1 0 1 0 0 1 0 0 1 0 0 1 1 0 1 0 0 0 0 0 1 0 0 0 1 0 1 1 1 0 0 0 1 0 1 0 1 0 0 1 1 1 1 1 1 1 1 0 0 1 1 1 0 1 0 1 1 0 0 1 1 1 1 0 1 0 1 0 1 0 1 0 1 1 1 1 1 0 1 0 0 1 0 1 1 0 0 1 1 0 1 0 1 0 1 1 1 0 0 0 0 1 0 0 1 1 0 0 1 1 0 0 0 1 1 0 1 1 0 1 1 0 1 0 0 1 1 1 1 1 0 1 1 1 0 1 1 0 0 0 1 0 0 0 0 1 0 1 0 1 0 0 1 0 0 0 1 1 1 0 1 1 0 0 0 1 1 1 1
207 129 379
0 1 1 1 1 1 0 1 0 1 0 0 1 0 0 1 0 0 0 1 1 1 1 0 1 0 1 1 0 0 1 1 0 0 0 0 0 0 1 1 0 1 1 1 1 1 0 1 1 0 1 1 0 0 1 0 1 0 1 0 1 0 1 1 1 0 0 1 0 1 0 1 0 1 1 1 0 1 1 0 1 0 1 0 0 0 0 1 1 0 0 0 0 0 1 0 0 1 1 0 0 1 0 1 0 0 1 1 0 1 1 1 1 1 1 1 0 1 0 0 1 0 0 1 1 1 0 0 0 0 0 0 1 0 1 0 0 1 1 0 1 1 1 0 1 1 0 1 1 0 0 1 1 0 1 0 1 0 0 0 1 0 1 0 0 0 1 0 0 0 1 0 0 0 1 0 1 0 1 0 1 0 1 1 1 0 0 1 0 1 1 0 0 1 0 0 1 1 1 0 0 1 1 1 0 1 1
447 104 229
0 0 0 1 1 0 1 0 0 0 1 0 0 0 0 1 0 0 0 0 0 1 1 1 1 0 1 1 0 0 0 1 1 1 0 1 1 0 1 0 1 1 1 0 1 0 1 1 0 1 0 0 0 1 1 1 1 0 0 1 1 0 0 0 1 0 0 1 1 0 0 1 1 0 0 0 0 0 1 0 0 0 0 1 1 0 1 1 0 1 1 0 0 0 1 1 0 0 1 1 1 1 0 1 1 1 0 0 1 0 0 0 0 1 0 0 0 0 0 1 0 0 0 0 1 0 1 0 1 1 1 0 0 1 1 1 0 1 0 0 0 1 1 1 0 0 0 1 0 0 0 0 0 1 1 0 1 0 0 1 1 0 1 1 1 0 0 1 0 0 1 1 1 1 1 1 0 0 1 0 1 1 1 0 0 0 0 1 1 0 1 1 0 0 0 1 1 1 0 1 1 1 1 0 1 0 0 1 0 0 0 0 1 0 0 0 0 1 1 1 1 1 1 1 0 1 0 1 0 1 1 1 0 1 0 1 0 1 1 0 1 0 1 0 1 1 1 1 0 0 1 0 1 0 0 0 0 1 1 0 0 0 1 1 0 0 1 0 1 1 0 1 1 0 1 1 1 0 0 1 0 1 0 0 1 1 0 1 0 0 1 1 1 0 1 1 1 0 0 0 1 0 1 0 0 1 0 1 1 0 1 0 0 1 0 0 1 0 0 1 0 1 1 0 0 0 0 0 1 0 1 0 0 1 0 1 1 0 0 0 1 1 0 1 1 0 0 1 1 0 1 1 0 1 0 1 0 1 0 0 1 1 0 0 0 1 1 1 1 1 0 0 1 0 1 1 1 0 1 0 0 0 1 1 0 0 0 1 1 1 1 0 0 1 1 0 1 0 0 0 0 0 1 0 1 0 1 0 1 0 1 1 0 0 0 0 0 1 0 1 0 1 0 0 0 0 0 0 0 0 0 1 1 0 1 1 0 1 0 0 1 1 1 0 1 0 1
657 604 445
1 1 1 1 0 0 1 1 0 0 0 1 1 1 0 0 0 1 1 1 1 0 1 1 1 0 0 1 1 1 0 0 1 1 0 1 1 0 0 0 0 0 0 0 0 0 1 0 1 1 0 0 1 1 1 1 1 1 0 0 0 0 1 0 0 0 1 0 0 0 0 1 0 0 0 0 1 0 1 0 1 1 1 1 0 1 1 1 0 0 1 1 0 0 0 1 1 0 0 1 1 0 1 0 0 1 0 1 0 0 1 1 0 1 1 1 0 0 1 1 1 1 1 0 0 1 0 0 0 0 1 0 0 1 1 1 1 0 1 0 1 0 1 0 0 0 1 0 0 1 0 0 1 0 1 0 1 1 1 0 1 1 1 1 0 1 1 0 1 1 1 1 0 0 1 1 0 1 1 1 0 1 0 1 0 1 0 1 1 1 0 1 0 1 0 1 0 0 0 0 1 1 1 0 1 0 1 0 1 1 1 1 0 0 0 0 0 0 0 0 0 0 0 0 1 0 0 1 0 1 0 0 0 0 1 1 1 0 1 0 1 0 0 0 0 0 0 1 1 1 1 0 1 0 1 0 0 1 0 0 0 1 1 0 0 0 1 0 0 0 1 0 0 0 0 0 0 0 0 0 0 1 0 1 1 0 1 1 0 1 1 1 0 0 0 0 1 0 1 1 0 1 0 0 1 1 0 0 0 1 0 1 0 0 0 1 0 0 1 1 1 0 1 1 0 1 0 1 0 1 1 1 0 1 0 0 1 0 1 0 1 1 0 0 1 1 1 1 0 0 1 0 0 0 1 1 0 1 1 1 0 1 1 0 1 1 1 1 0 0 1 0 1 0 0 0 1 1 1 0 0 1 1 1 1 0 1 1 1 0 1 1 1 0 0 0 1 0 0 0 0 1 0 0 1 1 1 1 1 0 1 0 0 0 1 1 0 0 1 0 1 0 1 0 1 1 0 0 1 0 0 1 0 0 1 0 0 1 1 1 0 0 0 1 1 0 1 0 1 1 1 0 0 1 0 0 1 1 0 1 0 1 1 0 1 1 1 0 0 0 1 1 0 1 0 0 0 1 1 1 0 0 1 1 1 0 0 1 1 0 1 1 0 0 1 0 1 0 0 1 1 0 1 0 0 0 0 0 1 1 0 1 1 0 1 0 1 0 1 0 1 0 1 1 1 1 1 0 0 0 0 1 0 0 1 0 0 0 0 1 0 0 0 0 1 0 0 0 0 1 0 1 1 0 0 0 1 1 0 0 1 0 0 1 1 1 1 0 0 1 0 1 1 1 0 0 0 1 0 1 0 0 0 1 1 1 0 1 1 1 0 0 1 1 1 0 1 1 1 0 0 0 1 1 0 1 1 1 1 0 1 1 0 0 1 1 1 1 0 1 0 0 0 1 0 1 1 0 1 0 1 0 0 0 0 0 1 0 1 0 1 1 0 1 1 1 1 0 0 0 1 1 0 1 0 0 0
733 89 530
0 1 0 1 0 1 1 0 0 0 0 0 0 0 0 0 1 1 1 1 1 1 0 1 0 1 0 1 0 0 1 0 1 1 0 0 1 1 0 1 0 0 1 0 0 0 1 0 1 0 0 1 0 1 1 0 0 1 0 0 1 0 0 1 1 0 0 0 1 1 0 0 0 1 1 0 1 0 0 1 1 1 0 1 1 0 0 0 0 1 0 0 1 1 0 0 0 0 0 1 0 1 0 1 0 1 0 0 0 0 0 0 1 1 1 1 1 0 0 0 0 1 0 0 0 1 0 1 1 0 0 1 1 1 0 1 0 1 0 1 0 0 1 0 0 0 0 1 0 0 1 0 0 0 1 0 1 1 1 0 1 1 1 0 1 1 0 1 1 1 0 1 1 1 1 1 1 1 0 0 1 1 0 0 0 0 1 0 1 1 0 1 0 1 0 1 0 1 1 0 0 1 0 1 0 1 0 0 0 0 1 0 1 1 1 1 1 0 0 1 0 1 0 1 0 0 0 1 1 1 0 1 1 0 0 1 0 1 1 1 1 1 1 0 0 0 1 0 1 1 1 0 0 0 0 0 0 1 1 0 0 0 0 1 0 1 0 1 1 0 1 0 1 0 1 1 0 1 1 0 1 1 1 0 0 1 0 1 1 1 1 0 1 0 0 1 0 0 0 1 1 0 0 0 1 1 0 1 0 1 0 1 1 0 0 0 1 1 0 1 1 0 0 0 0 0 1 1 0 1 0 1 0 1 1 0 0 0 0 0 1 0 1 1 1 1 0 1 1 0 1 0 0 0 1 1 1 0 0 1 0 0 1 1 1 0 0 0 1 0 1 1 1 1 1 0 1 0 0 0 1 0 0 0 0 0 1 1 0 0 1 0 0 1 1 0 1 0 1 0 1 1 0 1 0 0 0 1 1 1 1 1 1 1 1 0 0 1 0 1 0 0 1 1 1 0 1 0 0 1 1 0 1 0 0 0 1 1 1 1 1 0 1 0 1 0 0 0 1 1 1 1 1 0 0 0 0 0 0 0 1 1 1 0 1 1 1 0 0 1 1 0 0 1 1 0 0 0 0 0 0 0 1 1 1 0 0 1 1 1 0 0 1 1 0 0 0 0 1 0 1 1 0 1 0 0 1 0 1 1 1 0 1 1 0 1 1 1 0 1 0 1 1 0 0 1 0 0 0 1 1 0 0 1 0 0 1 0 1 0 0 0 0 0 0 0 0 1 0 1 1 1 0 1 0 0 0 0 1 1 1 0 0 0 1 1 0 1 0 1 0 0 1 1 0 0 0 0 1 1 0 1 1 1 1 0 0 0 0 1 1 0 0 1 0 0 0 0 0 0 0 0 1 1 1 0 1 1 1 0 0 0 0 0 0 1 0 0 1 0 0 1 1 1 0 1 1 0 0 1 0 1 1 0 1 0 1 0 1 1 0 0 0 0 0 0 1 0 0 1 1 1 0 1 0 1 1 0 0 0 0 0 0 0 0 1 0 1 1 0 1 1 0 0 1 1 0 1 1 0 1 0 0 1 0 0 0 0 1 1 0 1 0 1 0 0 0 1 0 0 1 1 0 0 1 1 0 0 1 1 0 0 1 0 1 1 0 1 0 0 1 0 1 1 0 1 0 1 1 1 1 0 0
146 77 729
1 0 0 0 0 1 0 1 1 1 1 1 0 0 0 0 0 1 1 1 1 1 1 0 1 1 0 0 1 0 1 1 0 1 1 1 0 0 0 1 0 0 1 1 1 1 0 1 0 0 1 0 1 1 1 1 0 1 0 0 0 0 0 1 1 0 1 1 1 1 1 0 0 1 1 1 1 1 0 1 0 1 0 0 1 1 1 0 1 1 1 0 1 0 0 1 1 1 0 1 1 0 1 1 1 0 1 1 1 1 0 0 0 0 0 1 0 1 0 0 1 1 1 1 1 1 1 0 1 0 1 0 0 1 0 1 0 0 0 1 1 1 0 1 0 0
536 203 241
1 0 0 0 1 1 0 1 1 1 1 1 1 1 0 1 1 1 0 0 0 0 0 1 1 1 1 1 1 0 0 1 1 1 1 1 0 0 1 1 1 1 0 1 0 0 0 1 0 1 0 1 0 0 0 1 0 1 0 0 1 0 1 0 1 1 1 0 0 0 0 1 1 1 1 0 0 1 0 0 1 0 0 1 0 1 0 1 0 0 0 1 1 1 1 0 0 1 0 1 0 0 0 0 1 0 1 0 0 1 0 0 0 1 1 1 0 1 0 1 0 1 0 0 0 1 1 1 1 0 0 0 1 0 0 1 0 1 0 0 0 0 0 0 1 0 1 0 0 0 0 0 1 1 1 1 0 1 1 1 0 0 0 1 1 0 0 0 1 0 1 1 0 0 0 1 0 1 0 0 0 1 0 0 1 0 1 0 0 0 1 1 0 0 1 0 0 1 1 1 1 1 1 1 1 1 0 1 1 1 1 1 1 0 0 0 0 1 1 1 1 0 1 1 1 1 1 0 1 0 1 1 0 0 0 0 0 0 1 1 0 1 1 0 1 0 0 0 1 0 1 1 1 1 1 1 1 1 1 1 1 0 0 1 0 1 0 0 1 0 1 1 0 1 0 0 0 0 1 0 1 1 1 0 0 0 1 1 1 0 1 0 0 0 1 1 1 0 1 0 0 1 0 1 1 1 0 1 1 1 1 0 0 0 0 0 0 1 0 1 0 1 1 1 0 1 1 1 0 1 0 1 0 0 1 1 0 0 0 1 1 0 1 0 0 1 1 0 0 1 1 1 0 0 1 0 1 0 0 0 0 1 0 0 0 0 1 1 0 1 0 1 0 0 1 0 0 0 0 1 1 1 0 0 1 1 1 0 0 1 0 1 1 1 1 1 0 1 0 1 1 0 1 0 0 0 1 1 0 0 1 1 1 1 1 1 0 0 1 0 0 1 0 1 0 1 0 0 0 1 1 0 1 1 0 0 0 0 1 1 1 1 0 0 1 1 1 0 0 1 0 1 0 0 1 1 1 1 0 0 1 0 0 0 0 1 1 1 1 0 1 1 0 1 1 1 0 0 0 1 1 0 0 1 0 0 1 0 0 0 1 1 0 1 1 1 1 1 0 0 1 1 1 0 0 1 0 1 0 1 1 1 1 0 0 0 0 0 0 1 0 0 1 0 1 1 1 0 1 0 1 1 1 1 0 0
179 54 699
0 1 0 1 0 1 1 0 0 1 1 1 0 0 0 1 0 0 0 1 0 0 1 0 1 1 1 0 1 1 0 1 0 1 1 0 1 0 0 0 0 1 1 1 1 1 1 1 1 0 1 0 1 1 1 1 1 1 0 0 1 0 0 1 0 1 1 0 1 0 0 1 1 1 1 0 1 1 1 1 1 0 1 1 0 1 1 0 1 0 0 0 1 1 1 1 1 0 1 0 0 1 1 0 1 0 1 0 1 0 0 1 0 0 0 1 1 0 1 0 1 1 1 0 0 0 1 0 1 0 1 0 0 0 1 0 1 0 1 0 1 0 1 1 1 0 0 1 0 0 0 0 0 0 0 0 0 0 0 0 1 0 1 1 0 0 0 1 0 1 0 1 0 0 1 1 1 1 1
518 254 489
0 0 1 1 1 0 0 0 0 1 1 1 0 0 1 1 1 1 0 0 1 1 0 1 0 0 1 0 0 0 0 0 1 0 1 0 0 0 1 0 0 0 1 1 1 0 1 1 1 0 1 1 0 0 1 1 0 0 1 1 0 0 1 0 0 1 1 1 1 1 1 0 1 0 0 0 0 0 0 1 1 1 1 0 1 1 0 1 0 0 1 0 1 1 1 0 0 0 0 0 0 1 0 1 1 1 1 0 1 1 1 0 1 1 1 1 0 1 0 1 1 1 0 0 0 0 0 0 1 1 1 0 1 1 0 1 1 1 0 0 1 0 0 0 1 0 0 0 1 0 1 1 1 1 0 0 0 0 0 0 1 0 0 1 1 0 0 1 1 1 1 1 1 1 1 1 0 1 0 1 0 0 1 0 0 0 0 0 1 1 0 1 1 0 1 1 1 0 1 0 1 0 0 1 1 0 0 0 0 0 0 1 0 0 1 1 1 1 1 0 1 0 1 1 0 0 1 1 1 1 0 0 0 0 1 1 1 0 1 0 0 1 0 0 1 1 0 1 1 0 1 1 0 1 1 1 0 0 1 0 1 1 1 1 1 0 0 1 0 1 0 1 0 0 0 1 1 1 0 0 0 1 0 0 1 0 1 1 1 0 1 0 0 1 0 0 1 0 0 1 1 0 0 0 1 1 0 1 1 0 1 0 0 0 0 1 1 0 1 1 0 1 1 1 0 0 0 0 0 0 1 1 0 0 0 1 0 0 0 0 0 1 0 1 0 1 0 0 0 0 1 1 0 1 0 0 0 0 1 1 0 1 1 1 1 1 0 0 0 0 0 0 0 1 0 0 0 0 1 0 1 1 0 1 1 1 1 0 1 0 0 1 1 0 1 1 1 1 0 0 0 1 1 0 0 0 1 0 0 0 0 1 1 1 1 1 1 0 0 1 1 1 1 1 0 1 0 0 1 1 1 0 1 1 1 1 0 0 1 1 0 1 1 0 0 0 1 0 1 0 1 0 0 1 0 1 0 0 0 0 1 0 1 0 1 1 1 1 0 0 1 0 0 0 0 0 0 0 0 0 0 1 1 1 1 0 1 0 1 0 1 0 1 0 1 0 1 0 1 0 1 1 0 1 0 0 0 1 1 0 0 0 0 0 1 0 0 0
249 239 64
0 0 0 0 1 0 1 0 0 1 0 0 1 0 0 1 1 1 1 0 1 1 1 0 0 1 0 1 0 1 1 1 0 0 0 1 0 0 0 0 0 0 0 1 0 1 0 0 1 0 1 0 1 0 1 0 1 1 0 0 1 1 1 0 0 1 0 0 1 1 1 1 1 1 1 0 1 0 0 1 1 0 0 1 0 0 0 0 1 0 1 1 1 0 0 1 0 0 0 1 0 0 0 0 1 1 0 1 1 0 1 0 1 1 0 0 1 1 0 1 1 1 0 0 1 1 1 0 0 1 0 1 1 0 0 1 0 0 1 0 0 1 1 0 1 1 1 0 1 0 0 0 0 0 0 0 0 0 0 1 0 0 1 1 0 1 0 0 0 0 0 1 0 1 0 0 1 1 0 1 0 1 1 1 0 1 0 1 0 1 1 1 1 0 1 1 1 1 0 1 0 1 0 1 0 1 0 0 1 1 0 1 1 0 1 0 1 1 0 0 1 0 1 0 1 0 1 1 1 1 0 0 1 0 1 0 1 0 0 0 1 1 1 0 0 0 1 0 0
415 150 631
1 1 1 0 0 0 1 0 0 1 1 1 1 0 0 0 1 0 1 1 0 1 1 1 1 0 0 0 0 1 1 1 1 0 1 0 1 0 1 1 1 0 0 1 1 1 0 0 0 1 1 1 0 1 1 1 0 1 0 0 1 1 0 1 0 0 1 1 1 1 0 0 1 1 0 0 1 0 1 1 1 0 1 1 0 1 0 0 1 0 1 0 1 0 1 1 0 1 0 1 0 0 1 1 0 1 0 1 1 0 1 1 1 0 1 0 1 0 0 1 0 0 0 1 1 0 1 0 0 0 0 1 0 0 1 0 0 1 1 1 1 1 1 0 0 1 1 0 1 0 1 1 0 0 1 0 1 0 0 0 1 0 0 1 0 0 0 1 0 0 0 0 1 1 1 1 0 1 0 1 0 0 0 0 1 0 0 0 0 1 0 1 1 1 1 1 1 1 0 0 1 1 1 0 1 0 1 1 0 1 1 0 0 1 0 0 1 1 1 0 1 1 0 0 0 1 1 1 1 0 1 1 1 0 1 1 0 1 1 0 1 0 1 0 0 1 1 1 1 1 0 1 1 0 1 1 0 0 0 1 0 1 0 1 0 1 0 0 0 1 1 1 1 0 0 1 1 0 1 0 0 0 1 0 1 1 1 0 0 1 1 1 1 1 0 1 1 1 0 0 1 0 1 0 0 1 0 1 0 1 1 0 0 1 1 1 0 1 1 1 1 1 1 0 1 0 1 1 0 0 0 1 0 1 0 1 1 0 1 1 1 0 0 1 0 1 0 1 1 0 1 0 1 0 0 0 0 0 0 1 1 1 1 0 0 0 0 0 1 0 0 0 0 1 0 0 0 0 1 0 0 0 1 1 1 1 0 1 1 0 0 0 0 1 1 0 1 1 0 1 0 1 0 0 0 0 1 0 0 1 1 0 1 0 0
606 437 440
0 0 0 1 1 1 1 0 0 1 0 0 1 0 0 1 1 1 1 1 0 1 1 0 0 0 1 1 1 0 0 0 0 0 1 1 1 0 0 0 1 1 0 1 1 0 0 1 0 0 0 0 0 1 0 1 0 1 1 1 1 1 1 0 1 1 1 0 0 1 0 0 1 1 1 0 0 1 1 0 1 1 0 0 1 0 0 0 1 1 1 0 1 1 1 1 0 0 1 1 1 1 0 1 0 1 1 0 1 1 1 0 0 1 1 1 1 1 0 1 0 0 1 1 0 0 1 0 0 0 1 1 1 1 0 1 0 1 0 1 0 1 0 0 0 1 1 0 1 1 1 0 0 1 0 1 1 0 0 0 0 0 1 0 0 1 0 0 0 1 1 0 0 0 1 0 0 0 0 0 0 0 0 0 1 1 1 0 0 0 0 1 1 1 0 1 1 1 1 1 1 1 1 1 0 0 1 0 1 1 1 1 0 1 1 1 0 0 0 0 0 1 0 0 0 0 1 0 1 0 1 0 1 1 0 0 1 1 0 1 1 1 1 1 1 0 1 1 0 0 1 0 1 1 1 0 1 1 0 1 0 1 1 0 0 0 1 0 0 0 0 0 0 1 1 1 0 1 0 1 1 0 1 1 1 0 1 1 0 1 1 1 0 0 0 0 1 0 0 0 0 0 0 1 0 1 1 1 0 0 0 0 1 1 0 1 1 0 0 1 0 0 0 1 1 1 0 1 1 0 1 1 0 1 1 0 0 1 1 1 1 1 0 0 0 1 1 0 0 0 0 1 0 1 1 1 0 1 1 0 0 1 0 1 0 0 1 0 1 0 0 1 1 0 1 0 1 0 1 1 0 1 0 1 0 0 0 1 0 1 0 0 0 1 1 0 0 1 0 0 1 1 0 1 1 0 1 0 1 1 0 0 1 0 1 1 0 1 0 0 1 1 1 0 0 0 0 0 1 0 1 0 1 0 0 1 0 1 1 0 1 1 0 0 0 1 1 1 1 1 1 1 0 1 1 0 1 0 0 0 1 0 1 0 1 1 0 0 0 0 1 1 1 0 0 0 0 0 1 1 1 1 1 1 1 0 1 0 1 0 1 1 1 0 0 1 1 1 1 0 1 1 1 0 1 1 1 0 1 0 0 1 1 0 1 1 0 1 0 1 0 1 1 1 0 1 0 0 0 0 0 0 0 0 0 0 0 0 1 0 0 1 0 0 0 0 0 0 1 0 1 1 1 0 1 1 0 1 0 1 1 1 0 1 0 1 1 1 0 1 0 0 1 0 1 0 0 1 0 1 0 1 1 1 1 1 0 0 1 0 1 0 1 1 0 1 1 0 1 1 0 1 1 0 0 0
531 252 158
1 1 0 1 1 1 0 0 0 0 1 1 0 1 0 0 0 1 0 1 1 0 0 0 1 1 0 0 1 1 0 0 1 0 0 1 1 1 0 1 0 0 1 1 0 0 0 0 0 1 1 1 1 0 1 0 1 0 0 0 1 0 0 0 0 0 1 0 1 1 1 0 1 1 1 0 1 1 0 1 0 1 0 1 0 1 1 0 1 0 1 1 1 1 0 1 0 1 1 1 1 0 0 1 0 1 1 1 1 1 0 0 1 0 1 0 1 0 0 0 0 0 0 1 0 0 0 1 0 1 1 0 0 0 0 1 1 0 0 0 0 0 1 0 1 0 0 1 0 0 1 0 1 1 1 0 0 1 0 1 0 1 0 1 1 0 1 1 0 0 0 1 1 0 0 1 0 1 1 0 1 1 0 1 0 1 0 0 1 1 1 1 0 0 0 0 0 1 1 1 1 0 0 1 1 0 1 0 1 0 0 1 0 1 1 1 1 0 0 0 1 0 1 0 0 0 1 1 1 1 1 1 0 1 0 0 0 1 0 1 1 1 0 1 1 1 1 1 0 1 0 1 1 1 1 1 0 0 0 0 1 0 1 0 1 1 0 1 1 1 0 0 0 0 1 1 0 0 1 0 1 0 0 1 0 0 1 1 0 0 0 0 1 1 0 1 1 1 0 1 0 0 0 0 0 1 0 1 0 0 0 0 0 0 0 0 1 1 0 1 1 0 1 1 1 1 1 0 0 1 0 0 1 1 0 0 0 0 0 1 1 0 1 1 1 0 1 1 0 0 1 0 1 1 0 0 1 0 1 1 1 1 0 0 1 1 0 1 0 1 1 0 0 0 1 1 1 0 0 1 1 1 1 1 0 0 1 1 0 0 1 1 1 1 1 0 1 0 0 1 1 1 1 1 1 0 1 1 1 0 1 0 1 0 1 0 1 1 0 0 1 0 0 1 0 1 1 0 0 0 0 0 0 0 1 1 0 0 1 0 1 0 0 1 0 0 0 1 1 0 0 1 0 0 1 1 0 1 0 0 1 0 0 0 0 1 1 1 1 0 0 0 0 0 0 0 1 1 0 1 0 0 0 0 1 0 0 1 0 0 1 0 1 1 0 0 0 1 1 0 0 0 0 0 0 0 0 1 1 0 0 1 1 0 0 1 1 0 1 0 0 0 1 0 1 1 1 1 1 0 1
642 508 609
1 1 1 0 0 1 0 1 1 1 0 0 0 1 1 0 1 1 0 1 0 0 1 0 0 1 0 0 1 0 1 1 0 1 0 1 0 1 0 0 1 1 1 0 0 0 1 0 0 1 0 0 1 1 0 1 1 1 1 0 1 1 0 0 0 0 0 0 1 1 0 1 0 0 0 0 0 0 1 1 1 1 0 0 1 1 0 1 0 1 0 0 0 1 1 1 1 1 1 1 1 1 0 0 0 0 1 0 0 0 0 1 1 0 0 1 0 1 1 0 0 1 0 0 0 1 0 1 0 0 1 0 1 1 1 1 0 0 0 0 1 1 1 1 0 1 1 0 0 0 0 0 0 0 0 0 0 1 1 0 1 1 1 0 0 1 0 1 1 1 0 1 1 1 0 0 0 0 1 0 1 0 0 0 0 1 0 0 1 1 0 1 0 0 0 0 0 1 0 0 1 1 1 1 0 1 1 0 0 1 1 0 0 1 1 1 1 1 0 0 1 0 1 0 1 1 0 0 1 0 0 1 1 0 1 0 1 0 1 1 1 1 0 1 0 0 0 1 1 0 1 1 0 1 0 1 0 0 1 0 0 0 1 0 0 1 1 1 1 0 1 0 1 1 0 0 1 0 1 0 0 0 1 1 1 0 0 1 1 0 0 1 0 1 0 1 0 1 0 1 0 1 1 0 0 1 1 1 0 1 0 1 1 1 1 1 0 1 1 1 1 1 0 1 1 0 1 0 1 0 0 0 0 1 1 1 1 0 1 1 1 1 0 1 1 0 0 0 1 1 0 1 0 0 1 1 1 0 0 1 1 0 0 0 0 1 0 1 0 0 1 0 0 0 0 0 0 0 0 0 0 1 1 1 0 0 1 0 1 1 0 0 1 0 1 0 1 0 1 1 0 1 0 1 1 1 0 1 0 1 1 1 1 1 0 1 0 1 1 0 0 1 1 0 0 0 0 1 1 0 0 1 0 0 0 0 0 1 0 0 0 0 0 0 0 1 1 1 1 1 0 1 0 1 0 1 1 0 0 1 0 0 1 1 1 0 0 1 1 1 0 1 1 1 0 1 0 0 0 1 1 0 0 0 1 0 0 0 0 0 0 0 1 1 1 1 0 1 1 0 1 1 0 1 1 0 1 0 1 1 1 0 1 1 0 0 0 0 1 1 1 0 0 1 1 1 1 1 0 1 1 1 0 1 0 1 0 0 1 1 0 0 1 0 1 1 0 1 0 0 1 0 1 0 1 1 0 0 1 1 0 1 0 0 1 0 1 1 1 0 1 0 0 1 0 1 1 0 0 1 1 0 1 1 0 1 1 0 1 0 1 0 0 0 1 0 0 0 1 1 1 1 0 1 1 1 1 0 0 1 1 1 1 0 1 0 1 0 1 1 0 0 0 1 0 0 0 1 1 0 0 0 0 1 0 1 1 1 0 0 1 1
493 408 164
1 1 1 0 1 1 0 1 1 1 0 1 1 1 1 0 1 1 1 0 0 1 0 1 1 1 1 1 0 1 0 0 0 1 1 1 0 1 1 1 1 0 1 1 0 0 1 1 1 1 0 0 0 0 1 1 1 0 0 0 0 0 1 0 1 1 0 0 0 0 1 1 1 1 1 1 0 1 0 0 0 0 1 1 0 0 1 0 0 1 1 0 1 0 0 1 0 1 1 1 1 1 1 0 1 1 0 0 1 0 0 0 1 1 1 1 1 1 0 1 1 0 0 1 0 0 0 0 1 0 0 0 0 1 1 1 1 1 1 0 1 0 0 1 0 0 1 0 1 1 0 1 0 0 0 0 0 0 1 0 0 1 1 0 0 0 1 1 1 1 1 1 1 1 0 1 1 1 1 1 1 1 1 1 1 1 0 0 0 0 1 1 1 0 0 1 1 0 0 1 1 1 0 0 0 0 0 1 0 1 1 1 1 1 0 0 1 0 1 1 0 0 1 1 1 1 1 0 1 1 1 1 1 0 0 0 0 0 0 0 1 1 0 0 1 1 0 0 1 1 0 0 0 0 0 1 0 1 0 1 1 0 0 0 0 1 0 1 1 1 0 0 0 1 1 0 0 1 0 0 1 0 0 1 1 0 0 1 0 0 0 0 0 0 1 0 0 0 0 1 0 1 0 0 0 1 0 0 1 1 0 1 1 1 0 0 1 0 1 0 0 1 1 1 0 1 0 1 0 1 1 1 0 0 1 1 1 1 1 1 1 1 0 1 0 0 0 0 1 1 0 1 1 1 0 0 1 0 1 0 0 1 0 1 1 1 1 1 0 1 1 1 0 0 1 0 0 1 1 0 1 0 1 0 1 0 0 1 0 1 0 0 0 1 0 0 0 1 1 0 0 1 1 0 0 1 1 1 0 1 1 1 1 1 1 1 0 0 1 1 0 0 0 1 0 1 0 1 1 0 1 0 1 0 1 1 1 0 1 1 1 0 0 0 1 1 1 1 1 0 1 0 1 1 1 1 0 1 1 1 0 1 1 0 1 0 1 1 0 1 0 0 1 1 1 0 1 0 0 1 1 0 0 1 1 0 1 1 0 0 0 1 0
446 389 718
1 1 0 0 0 1 0 0 0 0 1 0 1 0 1 0 0 0 1 1 1 1 1 0 1 1 1 0 0 0 1 1 1 0 1 0 1 1 1 1 1 1 0 0 0 0 1 1 1 0 1 0 1 1 0 0 1 0 0 1 0 0 1 1 0 0 0 0 0 1 1 0 1 0 1 1 0 1 1 1 0 0 0 0 1 0 0 0 1 1 0 0 0 0 0 1 1 1 1 1 1 1 1 0 0 1 0 1 0 1 1 1 1 0 1 1 1 0 1 0 1 1 1 1 1 0 0 1 1 1 1 1 0 0 0 0 0 0 1 0 1 0 1 1 1 1 1 0 1 0 0 0 1 1 0 1 0 0 1 1 1 1 1 0 0 0 0 0 0 0 1 1 1 1 0 1 1 1 0 0 1 1 0 1 1 1 0 0 1 0 0 1 0 0 1 1 0 0 0 0 1 1 1 1 0 1 1 0 1 1 0 1 0 1 1 0 1 1 1 1 0 0 0 1 1 0 1 1 1 1 1 1 1 0 0 0 0 0 0 1 1 0 1 0 1 1 1 1 1 0 1 1 0 0 1 0 0 0 0 0 1 1 1 1 0 1 0 1 0 0 1 0 1 0 0 0 0 1 1 0 0 1 1 0 0 1 0 0 1 0 1 1 0 0 0 1 1 0 1 0 1 0 1 1 1 1 0 1 1 1 0 0 0 0 0 0 0 1 1 0 1 0 0 0 0 1 1 0 1 1 1 1 1 1 1 1 1 0 1 1 1 1 0 0 1 1 0 0 0 1 0 0 0 0 1 1 0 1 0 0 0 0 1 0 1 1 1 1 0 0 0 0 0 1 0 1 0 1 1 1 1 0 1 0 1 0 1 1 1 0 1 1 0 1 0 1 0 1 1 1 0 1 0 1 1 1 0 0 0 1 0 1 0 0 0 0 1 0 1 1 1 0 0 1 0 1 0 0 0 1 0 1 1 1 1 1 1 0 0 0 1 1 1 0 1 1
412 215 704
1 1 1 1 0 1 1 1 0 1 0 1 1 0 0 0 1 1 0 0 0 1 0 0 1 0 1 0 1 1 0 0 1 1 1 1 1 0 0 1 0 0 1 0 0 0 1 0 1 0 1 0 1 0 0 0 0 1 0 1 1 0 1 0 0 0 0 1 1 0 1 0 0 0 1 1 1 1 0 1 1 1 1 0 0 1 1 1 1 0 0 0 0 1 1 0 1 1 1 0 0 1 0 1 1 1 1 0 0 1 1 1 1 1 0 1 0 0 1 1 0 1 0 1 1 0 0 0 1 0 0 1 1 0 1 1 1 0 0 1 1 0 1 1 1 0 0 1 1 0 0 0 1 1 1 0 0 1 1 0 0 1 1 1 0 0 1 0 1 1 0 0 1 1 1 0 1 1 0 0 0 0 1 1 1 0 0 0 1 1 1 0 0 1 1 0 0 1 0 0 0 0 0 1 1 1 1 0 0 1 0 1 0 1 1 1 1 1 0 0 1 1 0 0 0 1 1 0 0 1 1 0 0 1 0 1 1 0 1 0 0 0 0 1 0 0 0 0 1 1 0 0 0 0 1 1 1 1 1 1 1 1 1 1 1 0 0 0 1 0 0 0 0 0 0 0 1 0 0 1 1 0 0 1 1 0 1 1 1 1 1 0 0 1 0 1 1 1 1 1 0 0 0 0 1 1 0 0 0 0 0 1 0 0 0 1 0 1 0 1 1 0 0 0 0 1 0 0 1 1 0 0 1 1 0 1 1 0 0 0 1 0 1 0 1 0 1 0 0 1 0 0 1 1 1 1 0 1 1 1 0 0 0 0 0 1 1 0 0 0 1 0 1 1 1 0 0 1 1 1 0 1 1 0 1 0 0 0 0 1 0 1 0 0 1 0 1 0 1 0 1 1 1 0 0 1 1 1 1 1 1 1
704 249 288
1 0 1 1 1 0 1 0 0 0 0 1 1 0 1 0 0 1 0 1 0 1 0 1 0 1 0 0 0 0 0 0 0 1 1 1 0 1 0 0 0 1 1 0 0 1 1 1 1 0 0 1 0 0 1 1 0 1 1 0 0 0 0 1 1 1 1 1 0 0 0 0 0 1 1 1 0 0 0 1 0 0 1 1 0 1 1 0 1 1 0 1 0 1 0 0 0 0 1 1 0 1 0 0 1 0 1 1 1 0 0 0 1 1 1 1 1 1 0 1 0 1 1 0 1 0 0 1 1 0 1 1 1 0 1 1 1 0 1 0 0 1 0 0 1 0 0 1 0 1 0 0 0 0 0 0 1 0 0 0 0 1 0 0 1 0 1 1 0 0 1 1 0 1 0 0 0 0 1 1 1 0 0 1 1 1 1 1 0 1 0 1 1 0 1 1 0 1 0 1 1 1 0 0 1 1 1 1 0 0 1 0 0 0 1 0 1 0 0 1 1 1 0 0 1 0 0 0 0 0 1 0 1 1 1 1 1 0 0 1 0 0 0 0 0 1 1 1 0 1 0 1 1 1 1 1 0 1 1 1 0 0 0 0 0 1 1 1 0 0 1 0 1 0 1 0 1 1 0 0 1 1 0 1 0 1 1 1 1 1 1 1 1 1 1 1 0 0 1 1 1 1 0 1 1 1 1 1 0 1 1 0 1 1 0 0 0 1 1 0 1 1 1 1 1 1 0 1 0 0 0 0 1 0 1 1 0 1 0 1 0 0 1 1 0 1 0 1 0 1 1 1 0 0 1 0 1 1 1 1 1 1 1 1 1 0 0 0 1 1 0 0 1 0 0 1 1 1 1 1 1 1 1 0 0 0 1 1 1 0 0 0 1 1 0 1 1 1 1 0 1 0 1 0 1 0 1 1 0 0 1 1 1 1 0 1 0 0 0 1 1 0 0 1 0 1 0 1 1 1 0 0 0 0 0 0 1 0 0 0 1 1 1 0 0 0 1 0 1 0 1 1 0 1 1 0 1 0 1 1 0 1 0 1 1 1 0 1 0 0 1 0 0 0 0 1 1 0 1 1 1 0 0 1 1 0 0 1 0 0 1 0 0 0 0 1 0 0 1 1 0 0 1 1 1 1 0 0 1 0 0 0 0 1 1 1 1 0 0 1 0 0 1 0 0 0 0 0 1 1 0 1 1 0 1 0 0 1 1 1 0 1 0 0 0 0 1 0 0 1 1 0 0 1 0 1 0 1 0 1 1 1 0 0 0 0 1 0 0 1 0 1 1 1 1 1 0 0 1 1 0 1 1 1 0 1 0 0 0 0 1 1 1 1 1 0 0 1 1 1 1 1 0 0 0 0 0 1 1 0 1 0 1 1 0 1 0 0 0 0 0 0 0 0 0 0 1 1 1 1 0 1 0 1 1 1 1 0 0 1 0 1 1 1 0 1 1 0 1 0 0 1 0 1 1 0 1 1 1 1 1 0 1 1 1 0 1 1 1 0 1 0 1 0 0 1 0 0 1 0 0 0 0 0 0 0 0 0 1 1 1 1 1 1 1 0 0 0 0 0 1 1 0 0
183 128 570
1 1 1 1 1 1 1 1 1 1 1 0 0 1 1 1 0 1 1 1 0 1 0 1 0 1 1 1 0 0 1 0 1 0 1 1 0 0 1 0 0 1 0 1 1 1 1 1 0 1 0 0 0 0 1 1 0 1 1 0 1 1 0 1 0 1 1 1 0 0 1 0 1 1 0 0 0 0 1 1 0 1 1 1 0 1 1 1 1 0 0 1 1 0 0 1 0 0 0 0 0 0 0 1 0 0 0 0 1 0 0 1 1 1 0 0 0 1 0 1 1 1 0 0 0 0 0 1 1 0 1 0 0 0 0 1 1 0 0 1 0 1 0 0 1 1 1 0 1 0 1 1 0 0 1 1 0 1 1 0 0 0 0 0 0 0 1 0 1 1 0 1 1 0 0 0 0 0 0 1 0 1 1
153 82 432
0 1 0 1 1 1 0 1 1 1 1 0 1 1 0 1 1 1 0 0 1 0 1 1 1 1 0 0 0 0 0 1 1 0 1 1 1 1 1 1 1 1 1 0 1 1 0 1 0 0 1 1 1 0 0 0 0 1 0 1 0 0 0 1 0 0 1 1 1 1 1 0 1 0 1 0 0 0 0 0 1 0 0 1 0 0 1 1 0 0 1 1 0 1 0 1 1 0 1 1 1 1 1 0 1 0 0 0 0 0 1 0 0 1 0 1 1 0 0 1 1 0 0 1 1 1 1 1 0 1 1 1 0 1 0 0 1 0 0 1 0 0 1 0 0 0 0 0 0 0 1 0 1
736 538 399
1 0 0 0 1 1 1 1 1 0 0 1 0 1 1 0 1 1 1 1 0 0 0 0 1 0 0 1 1 0 1 0 0 1 0 1 1 1 1 1 0 1 1 1 0 0 0 1 1 1 1 1 1 1 0 0 0 1 0 1 0 0 0 1 1 1 0 0 0 0 1 0 1 0 0 1 0 1 1 0 0 1 1 0 0 1 1 0 1 1 1 0 0 1 0 1 1 0 0 1 1 0 1 0 0 1 0 1 1 0 0 0 0 1 0 1 0 1 0 0 0 1 0 0 0 1 0 1 0 0 0 0 1 1 0 0 1 1 1 1 1 0 1 0 0 1 1 0 0 0 1 1 0 1 1 0 1 1 1 0 0 0 1 1 0 1 0 1 0 1 1 0 0 1 0 0 1 1 1 1 0 0 0 0 0 1 0 1 0 0 1 0 0 0 1 0 0 1 0 1 0 1 1 1 1 0 1 0 1 1 0 0 1 1 0 0 0 1 1 1 0 0 0 0 1 0 1 1 1 0 0 0 1 1 0 1 1 1 1 1 1 1 0 1 1 0 0 1 0 1 0 0 0 0 1 1 1 0 0 1 0 0 0 1 1 0 0 0 0 1 0 0 0 0 1 0 0 0 0 1 1 1 1 1 0 0 1 1 0 0 0 1 0 0 1 0 1 1 1 0 0 1 1 1 0 0 0 0 1 1 0 0 1 0 1 1 1 0 0 0 1 0 1 1 0 0 0 0 0 0 0 1 0 0 1 0 1 1 0 1 1 1 1 1 1 0 0 0 1 1 1 0 1 1 0 0 0 0 0 0 0 1 0 0 1 1 0 0 1 0 1 0 0 1 0 1 0 0 1 0 1 0 0 0 0 0 0 0 0 0 1 1 0 1 1 0 1 1 0 0 1 0 0 1 0 1 1 0 0 0 0 0 1 1 1 1 0 1 1 1 1 0 1 0 0 1 1 1 0 0 0 0 0 1 1 0 0 0 0 0 1 0 1 0 1 0 1 1 0 0 1 0 1 0 0 0 0 1 1 0 1 1 0 0 0 0 0 1 1 1 0 0 0 0 0 0 0 0 1 1 1 0 1 0 1 1 1 0 1 1 0 1 1 1 0 1 0 1 0 0 1 1 1 1 1 0 1 0 1 0 1 0 1 1 1 1 1 1 1 0 0 0 0 0 0 0 0 0 1 0 0 1 0 1 0 1 0 0 0 0 1 1 1 0 0 0 0 1 1 0 0 0 1 1 1 0 0 0 0 1 1 0 1 1 1 0 0 1 1 1 0 0 0 0 0 1 1 0 1 1 1 1 1 1 0 0 0 0 0 0 0 0 0 0 0 0 1 1 1 1 0 1 1 1 0 0 1 1 1 1 1 0 1 1 1 1 1 1 0 1 0 0 1 0 0 0 0 1 0 0 1 1 1 1 0 0 1 0 1 1 0 1 1 0 1 0 0 1 0 1 1 1 0 0 1 0 0 0 0 1 0 1 1 0 1 1 0 1 0 0 1 0 0 1 0 1 0 1 0 0 1 1 1 0 0 0 1 0 1 0 0 0 0 1 0 1 1 1 1 0 0 1 0 0 0 1 1 0 0 1 1 0 1 1 1 0 0 0 0 0 1 0 1 0 1 1 0 0 1 1 1 0 1 1 1 0
508 52 197
0 0 0 0 1 0 0 0 0 0 0 0 1 1 0 1 1 1 1 1 1 1 1 0 1 0 0 0 0 1 1 1 1 1 0 0 0 0 0 0 1 1 1 1 0 0 1 0 0 1 1 0 0 0 1 1 0 1 1 0 0 0 1 1 1 1 1 1 1 0 1 1 1 0 1 0 1 0 1 1 0 1 0 0 1 0 0 1 0 0 1 1 0 1 1 0 1 0 0 0 0 1 0 0 1 1 1 1 0 1 0 1 0 1 1 1 0 0 0 0 1 1 0 1 0 1 0 1 0 1 0 1 1 1 0 0 1 0 0 0 0 1 1 0 0 0 0 1 0 1 0 1 1 0 0 1 0 0 1 1 0 0 1 0 0 0 1 1 1 0 0 1 1 1 1 1 0 1 1 1 1 1 0 1 1 1 0 0 1 0 0 0 1 1 0 1 1 1 1 0 0 0 1 0 0 0 0 0 1 0 1 0 1 0 0 0 0 1 1 0 1 0 1 0 0 0 1 0 1 1 1 1 1 0 0 1 0 0 1 1 1 1 0 0 1 1 0 0 0 0 1 1 1 1 1 0 0 1 0 1 0 0 0 0 1 0 1 1 1 0 0 0 1 1 1 1 0 0 0 1 1 0 0 0 1 1 0 1 1 0 1 1 1 1 0 0 0 1 0 0 1 1 1 1 1 1 1 0 0 1 0 0 0 0 1 0 1 0 1 1 1 0 0 0 1 0 1 0 0 1 1 1 1 1 1 0 1 1 0 0 1 0 1 0 0 1 1 1 1 1 1 0 1 1 1 1 0 1 0 0 1 1 0 1 0 0 1 0 1 1 0 1 0 1 1 1 1 1 0 0 1 1 0 1 0 0 1 0 0 0 0 0 0 0 1 0 0 0 0 1 1 0 0 1 0 0 1 0 1 1 1 1 1 0 0 0 0 0 0 1 0 1 1 1 0 0 1 0 1 0 1 1 1 1 1 1 1 0 1 0 1 1 0 0 0 0 0 0 0 1 0 1 0 0 1 0 1 1 0 0 0 1 1 1 0 1 1 0 0 1 1 1 1 1 1 0 0 0 1 0 0 1 0 1 0 0 1 1 0 0 1 0 0 1 1 0 0 1 0 0 1 0 1 1 1 1 1 0
121 82 460
1 0 0 1 0 0 1 0 0 1 0 1 0 1 1 1 0 0 0 1 1 0 0 1 1 1 1 1 0 0 1 0 0 1 1 1 0 0 1 0 0 0 1 0 0 1 0 0 0 1 1 1 0 0 1 1 1 1 1 1 0 0 0 0 0 0 1 1 1 0 1 1 0 0 1 0 0 1 1 0 0 1 0 0 1 0 1 0 1 1 0 1 0 0 1 0 0 1 0 0 1 1 0 0 0 0 1 1 0 0 1 1 0 0 0 0 1 0 1 0 1
215 185 144
0 0 1 1 0 0 1 0 1 0 0 0 0 1 0 0 1 0 1 0 1 0 1 0 1 0 0 0 1 1 1 1 0 0 0 0 0 0 1 1 0 1 1 1 1 1 0 0 1 1 1 0 0 0 1 1 1 0 0 1 1 0 0 1 1 1 0 1 1 0 0 1 0 0 0 1 0 0 1 0 1 0 0 1 0 1 1 1 1 0 1 1 0 1 0 1 1 1 0 0 1 0 0 1 0 0 0 1 1 0 0 0 0 0 0 0 1 1 0 0 0 0 1 0 0 1 1 0 0 0 1 0 1 0 0 0 1 1 1 0 0 0 1 0 0 1 0 1 1 1 0 1 1 1 1 0 0 0 0 1 1 1 1 1 0 1 0 0 1 0 0 0 0 1 1 1 1 1 0 0 0 0 1 0 1 1 0 0 0 1 0 0 1 1 0 0 0 0 0 0 0 0 1 1 0 1 1 1 0 1 0 0 1 0 0
407 58 154
1 1 0 1 0 0 0 0 1 0 1 1 0 0 0 1 0 0 0 1 0 1 1 0 0 0 1 1 0 0 0 1 0 1 0 0 1 1 0 1 1 1 0 0 0 0 0 1 0 0 0 1 1 0 0 0 0 1 0 0 1 0 1 1 1 1 0 0 0 1 0 1 0 1 0 1 0 0 1 0 0 1 1 1 1 0 1 1 0 1 1 1 1 0 0 0 1 0 0 0 1 1 1 0 0 1 1 0 1 0 1 1 1 1 0 0 1 1 0 0 1 0 0 0 1 0 1 0 0 0 1 1 1 0 1 0 0 0 1 1 1 0 1 1 1 1 1 1 1 1 1 0 1 0 1 1 0 0 1 0 1 1 1 1 0 0 0 1 1 0 1 0 1 1 1 1 0 0 0 1 1 1 1 1 1 0 1 0 0 0 1 1 1 1 1 0 1 1 1 0 1 1 1 0 0 1 1 1 0 0 0 0 0 0 0 1 1 1 1 1 1 0 1 1 0 1 0 1 0 0 1 0 0 0 0 0 0 0 1 1 0 1 0 0 1 1 1 1 1 1 0 1 0 1 1 1 0 0 0 1 1 0 0 1 1 1 1 0 1 1 1 0 1 0 1 1 0 0 1 0 1 0 1 0 0 0 0 1 0 0 1 0 1 1 1 0 1 0 1 1 1 1 1 0 1 0 0 0 1 1 0 0 1 1 1 1 1 1 1 1 1 0 1 0 1 1 0 0 0 1 1 1 1 0 0 0 0 1 0 0 1 1 0 1 1 1 1 0 0 0 0 0 1 1 1 0 0 1 1 1 0 0 0 0 0 1 0 1 1 1 0 1 0 0 0 0 0 0 1 1 1 0 1 1 0 1 0 0 0 0 1 1 0 1 1 1 1 1 0 1 1 1 0 0 1 1 0
415 315 519
0 0 0 0 1 0 0 0 0 0 1 0 1 0 1 1 0 1 0 1 0 0 0 0 0 1 1 0 0 1 0 0 0 1 0 0 1 1 0 0 0 0 1 0 1 1 1 1 1 0 1 0 0 1 1 0 1 0 0 0 0 1 0 1 1 0 0 0 1 0 1 0 1 0 1 0 1 1 0 1 1 0 1 1 1 0 0 1 0 0 0 0 0 1 0 0 0 0 0 1 1 1 0 1 1 0 0 0 1 0 1 1 0 0 0 0 0 1 1 0 1 0 0 1 0 0 0 1 0 1 0 1 0 0 1 1 0 1 0 1 1 1 1 0 1 1 1 0 0 0 1 0 1 1 1 0 1 0 0 0 1 0 1 1 1 0 0 1 0 0 0 0 1 0 0 0 1 1 0 1 1 1 1 1 0 1 1 0 1 1 0 0 0 0 0 0 0 1 0 0 0 1 0 1 0 1 0 0 0 0 1 0 1 0 0 1 0 0 0 1 1 0 1 1 1 1 1 0 1 1 1 0 1 0 0 0 0 0 0 1 0 1 0 1 0 0 1 1 0 0 1 0 0 0 1 1 0 1 0 1 1 1 0 1 1 0 0 0 1 1 1 1 0 1 1 0 1 1 1 0 1 0 1 0 0 1 1 1 1 0 0 0 0 0 0 1 1 1 0 0 0 0 1 0 1 0 0 1 1 0 1 0 1 1 0 1 1 1 1 0 0 1 0 0 1 0 1 1 0 0 0 1 0 0 0 1 1 0 0 0 0 0 1 1 0 1 0 1 0 1 1 0 1 1 1 1 1 1 1 0 0 0 1 0 1 1 1 0 0 0 1 1 1 1 0 0 1 1 0 1 1 0 1 0 1 0 0 1 0 0 1 0 1 1 1 0 1 0 1 1 1 1 0 1 1 1 0 0 1 1 0 1 1 0 1
41 27 576
0 1 0 0 1 0 0 1 0 0 1 1 0 0 0 1 0 0 0 1 1 1 0 1 1 1 1 1 1 0 0 1 0 0 0 1 0 1 1 1 1
517 201 130
0 1 0 0 1 0 0 0 0 1 0 0 0 1 0 0 0 1 0 0 0 0 1 0 1 1 0 0 1 1 0 1 0 0 0 1 1 0 1 0 0 1 0 1 0 1 1 1 0 0 1 0 1 1 1 1 1 0 1 0 0 1 0 0 1 0 1 1 0 1 0 1 1 0 1 1 0 1 1 1 0 0 1 0 1 0 0 0 1 0 0 1 1 0 0 1 1 0 0 0 1 1 0 1 0 0 1 1 1 0 0 1 0 0 1 0 0 0 1 0 0 0 1 0 0 1 0 1 0 0 0 0 1 1 1 1 1 1 0 0 0 0 1 1 0 1 1 0 1 1 1 0 1 1 1 0 1 1 1 0 1 0 0 0 1 1 0 0 0 0 1 1 1 0 1 1 0 0 1 0 1 1 0 1 0 1 0 1 0 0 0 1 1 1 0 1 1 1 1 1 0 0 1 0 0 1 0 0 0 1 1 0 0 1 0 0 1 1 1 1 1 0 1 0 0 1 0 1 1 1 0 0 0 1 0 0 0 1 0 1 0 1 1 0 0 0 0 0 1 0 0 1 0 0 0 1 0 1 1 1 0 1 1 1 1 1 0 1 0 0 0 0 1 0 1 1 0 0 1 0 0 0 1 1 0 1 0 0 0 0 1 1 0 1 0 1 0 1 0 1 0 1 1 1 1 0 0 1 1 1 1 0 1 1 0 1 1 1 0 1 1 0 1 1 0 0 1 0 0 0 1 1 0 0 1 0 1 0 0 1 1 0 0 1 1 1 1 1 1 0 1 0 1 1 0 0 0 0 1 1 0 0 1 0 1 1 0 1 1 1 1 0 0 1 1 1 0 1 0 1 1 1 0 0 0 0 0 1 1 0 0 1 0 1 0 0 1 0 0 0 1 1 0 0 1 1 1 0 0 0 0 1 0 1 0 1 1 0 1 0 0 0 0 0 1 0 1 0 1 1 0 1 1 1 0 1 1 1 0 1 0 1 1 0 0 0 0 1 1 1 0 1 0 0 0 0 1 0 1 1 0 0 1 1 1 1 1 1 0 0 0 1 0 0 0 1 0 1 0 1 0 1 0 1 0 1 1 0 0 1 0 0 0 0 0 1 1 1 0 1 0 1 0 0 0 1 1 0 1 0 1 0 0 0 1 1 1
431 237 15
1 1 0 0 1 1 1 1 0 0 1 0 0 1 1 0 0 1 0 1 0 1 1 0 0 1 1 1 1 0 1 0 1 1 0 0 0 0 0 1 0 1 0 0 1 1 1 0 0 0 1 1 0 1 0 0 1 1 1 1 1 1 0 0 0 0 1 0 0 0 0 0 0 1 0 0 1 1 0 1 0 1 0 0 0 1 1 1 1 1 1 0 0 1 0 0 1 0 1 1 1 1 1 1 0 0 0 1 1 1 1 1 1 0 1 1 0 1 1 1 0 1 0 1 0 0 1 0 0 1 0 1 1 1 0 0 0 0 1 1 1 0 0 1 0 1 1 1 1 1 0 0 1 1 1 0 1 1 1 1 1 0 1 0 1 1 0 1 0 1 1 0 1 1 0 1 1 0 0 0 1 0 0 0 1 0 1 1 0 1 1 1 1 0 1 1 0 1 1 1 0 0 0 1 0 0 0 1 0 1 1 0 1 1 0 0 0 0 1 1 1 0 0 1 1 1 0 1 0 1 1 1 0 0 0 0 1 1 0 0 0 0 1 0 1 1 1 1 0 0 0 1 0 1 0 0 1 1 0 0 1 1 0 1 1 1 0 1 0 1 0 1 1 0 0 1 1 1 1 1 0 1 1 0 1 0 0 0 1 1 0 1 0 1 1 1 1 1 1 0 1 1 0 1 0 1 0 1 0 0 1 1 1 1 0 1 0 1 1 1 1 0 1 1 1 1 1 0 1 1 1 1 1 1 0 1 0 0 1 0 1 1 1 0 1 0 1 1 1 0 0 0 1 0 1 1 1 0 1 1 1 0 0 0 1 1 0 0 1 1 0 1 1 0 1 0 0 1 1 1 1 1 0 1 1 1 0 0 1 0 1 0 1 0 1 0 1 0 0 1 1 0 0 1 0 0 0 1 1 1 0 1 0 0 0 1 0 0 1 1 1 0 1 1 1 0 1 1 1 0 1
459 434 259
1 0 0 1 1 1 1 0 1 0 1 0 0 1 0 0 1 0 1 1 0 1 1 0 0 0 1 0 0 0 1 0 0 0 1 1 0 1 0 0 1 0 1 1 1 0 1 1 0 0 1 1 0 1 1 0 1 1 1 1 1 1 1 1 0 0 0 1 1 0 0 0 0 1 0 0 1 1 0 1 1 1 1 0 0 1 0 0 0 0 1 1 0 1 1 1 1 0 0 0 0 0 0 0 0 0 0 1 1 1 0 1 0 1 1 0 1 1 0 0 1 1 1 0 0 1 1 0 1 0 1 0 1 0 1 0 0 0 1 0 1 1 1 0 1 1 1 0 1 0 0 0 0 0 0 1 0 0 1 1 0 0 0 1 0 1 1 0 1 1 0 0 1 1 1 0 1 0 0 1 0 1 0 1 1 1 1 1 0 0 0 0 1 0 1 0 0 0 0 0 1 1 0 0 1 1 1 1 1 0 1 0 0 0 0 1 0 1 0 0 0 1 0 1 1 0 0 0 1 0 1 0 0 1 1 1 1 0 0 0 1 0 0 1 0 1 0 0 0 0 0 0 1 0 0 0 1 1 1 1 1 0 1 1 1 0 0 1 1 0 0 0 1 1 1 0 1 1 0 1 1 1 1 0 0 0 1 1 1 0 0 1 1 0 0 0 0 0 0 0 0 0 0 1 0 0 1 0 0 1 0 1 1 1 1 1 1 1 1 0 1 1 1 1 0 1 0 1 0 1 1 0 0 1 0 1 1 0 1 1 1 1 1 0 1 0 1 1 0 0 0 0 0 0 1 0 0 1 0 0 0 0 1 0 1 1 0 1 0 0 1 0 0 1 1 1 0 0 0 0 0 1 1 1 0 0 0 0 1 1 1 0 1 0 1 1 0 0 0 0 1 0 1 0 0 0 1 0 0 1 0 1 0 0 1 0 0 1 0 0 0 1 1 1 0 1 1 1 0 0 0 0 1 1 0 1 1 1 1 1 0 0 1 1 0 0 0 1 0 0 0 0 0 1 0 0 0 1 1
310 122 703
0 1 1 1 0 1 0 0 1 1 0 0 0 0 0 0 0 0 0 0 1 0 1 1 1 0 0 1 1 1 0 1 1 0 1 0 0 0 0 1 1 1 0 1 0 0 1 1 0 1 0 1 1 1 1 1 1 1 0 0 1 1 0 0 1 0 1 1 1 1 1 1 1 1 0 0 1 0 1 1 0 0 0 1 1 0 1 1 0 1 0 0 1 1 1 1 0 1 0 1 1 1 1 0 1 1 0 0 1 0 1 0 0 1 0 1 1 1 0 0 0 1 1 1 0 1 1 0 1 0 1 0 0 0 0 1 0 1 0 1 1 1 0 0 0 1 1 0 1 0 0 0 0 1 1 0 0 1 0 0 1 1 0 1 1 1 1 1 0 1 1 1 0 0 0 0 0 0 1 0 1 1 0 0 1 0 1 0 0 0 1 1 0 0 1 1 1 1 1 0 1 1 1 1 0 1 1 1 0 1 1 1 1 0 0 0 1 1 0 1 1 0 1 0 0 0 1 1 0 0 1 0 0 0 0 1 1 0 0 1 1 0 1 0 1 1 0 0 0 1 0 1 1 1 0 0 0 0 1 0 0 0 1 0 0 0 1 1 0 1 0 0 1 1 1 0 0 0 1 0 1 1 1 1 0 0 1 1 1 0 1 1 0 0 1 1 1 1 1 1 0 0 1 1 1 0 1 1 0 0
533 255 173
0 0 0 0 0 0 1 1 0 1 0 1 0 0 1 0 0 0 1 1 1 1 1 0 1 1 1 1 0 1 0 0 1 0 0 0 1 1 1 1 1 0 0 1 0 0 0 0 0 1 1 0 0 1 0 0 0 1 1 0 0 0 1 0 0 1 0 1 0 0 1 1 0 1 1 0 0 0 1 1 1 0 0 1 0 0 1 1 0 0 1 0 1 1 1 0 1 1 0 0 0 1 1 1 1 0 1 1 0 1 1 1 0 1 0 0 0 0 0 0 1 0 1 1 1 0 1 1 1 1 0 1 1 0 1 0 0 1 1 0 0 1 0 0 1 1 0 0 0 1 1 0 0 0 1 0 0 1 1 1 0 1 1 0 1 0 1 1 0 0 0 1 1 0 0 1 0 1 1 0 0 0 1 1 1 1 1 0 1 1 1 0 1 0 0 0 0 1 1 1 0 1 0 0 1 0 0 1 0 0 1 0 1 0 1 1 0 1 1 0 1 0 0 1 1 1 1 1 1 0 0 0 0 0 0 1 1 0 1 0 0 0 0 0 0 1 1 0 1 0 0 1 0 0 1 1 0 1 0 0 1 1 0 0 0 1 1 0 0 1 1 1 1 1 0 1 1 1 1 1 0 0 1 0 0 0 1 0 0 1 0 1 0 0 0 1 1 1 0 0 0 0 0 1 1 1 0 0 0 1 1 1 1 0 0 1 0 1 0 0 0 0 0 0 1 1 1 0 0 1 0 0 1 1 1 0 0 1 1 1 0 0 1 1 1 1 1 1 1 1 0 0 1 1 0 1 0 0 1 0 1 1 0 0 0 0 1 0 0 0 1 0 1 0 1 1 0 1 1 0 1 0 1 1 1 0 0 0 1 1 0 1 0 1 0 0 1 0 0 1 0 0 1 1 0 1 0 1 1 1 0 1 0 1 0 1 0 1 1 1 0 1 1 1 0 0 1 1 0 1 0 0 1 1 0 0 0 0 0 0 1 0 1 0 1 1 0 0 0 1 0 1 1 0 1 1 0 1 1 0 1 0 0 0 1 0 0 1 1 0 1 0 0 0 1 1 1 0 1 1 0 0 1 0 0 0 0 0 0 0 0 1 0 0 1 1 0 0 1 0 1 1 0 0 0 1 0 1 0 1 0 1 1 1 0 1 0 0 0 0 0 0 1 0 1 1 1 0 1 1 1 0 1
300 33 39
1 1 0 1 1 0 0 0 0 1 0 1 1 1 1 0 1 1 1 0 1 1 0 0 1 0 1 0 0 1 1 1 0 1 0 0 0 1 1 0 1 0 0 0 1 1 0 0 0 1 0 1 0 1 1 1 0 1 0 0 0 1 1 0 0 0 1 0 1 1 1 0 0 0 1 0 1 1 0 0 1 1 1 0 1 1 1 1 1 0 1 1 1 0 1 1 1 0 1 1 1 1 0 1 0 0 0 0 0 0 0 1 0 0 1 0 1 1 0 0 0 1 0 1 0 1 0 0 0 0 0 1 1 1 1 1 1 1 0 0 0 0 0 0 0 0 1 1 0 1 0 1 1 0 1 0 0 0 0 0 0 1 1 1 1 1 1 0 0 1 0 0 0 1 0 0 0 1 0 1 0 1 0 1 0 1 1 1 1 1 0 0 1 1 1 0 1 0 0 1 0 0 0 0 1 1 1 0 0 0 1 1 0 1 1 0 1 1 0 1 1 1 0 1 1 0 0 0 1 1 1 1 1 1 0 0 1 1 1 1 0 0 0 0 0 0 1 1 0 0 1 0 1 1 0 0 0 1 0 0 1 1 1 0 1 0 1 0 0 0 1 0 1 1 0 0 0 0 0 1 0 0 0 0 0 0 1 0 1 0 0 0 1 1 0 0 1 0 0 1
323 181 364
1 0 1 1 1 0 0 1 0 1 0 1 0 0 1 0 0 1 1 0 0 1 0 0 0 0 0 1 1 0 0 0 1 1 1 1 0 0 1 1 0 1 1 0 1 1 1 1 0 0 0 0 0 0 1 1 0 0 1 1 1 1 0 1 0 0 0 1 0 0 1 0 1 1 1 1 1 0 1 0 0 1 1 0 0 1 0 0 1 1 0 0 0 1 0 0 0 0 0 0 1 1 0 0 0 0 1 0 0 0 1 1 1 1 0 0 0 0 0 0 0 0 0 0 0 1 0 1 0 0 1 0 1 1 1 0 0 0 1 0 1 1 1 0 1 0 0 0 1 0 1 1 1 1 0 0 1 1 0 0 1 0 0 0 1 1 0 1 1 1 1 1 1 1 0 1 1 0 1 1 1 1 1 0 0 0 0 1 1 1 0 1 1 0 0 1 1 0 1 1 0 0 1 0 0 1 1 1 0 1 0 0 0 1 1 1 0 1 0 1 1 1 1 0 1 1 1 0 0 0 0 0 0 0 1 0 1 1 0 0 0 0 1 1 1 1 0 0 0 0 1 0 0 1 1 1 1 0 1 0 1 1 1 1 1 1 1 1 0 0 1 0 1 0 0 0 1 0 0 1 0 1 1 1 0 1 1 1 1 1 1 0 1 1 0 1 1 0 0 1 1 1 1 0 0 1 1 0 0 0 1 0 0 1 1 1 0 0 1 0 0 0 0
57 34 269
0 0 0 1 0 0 1 1 1 1 1 0 0 1 1 1 0 1 1 1 0 0 1 0 1 1 1 0 0 1 0 0 1 0 1 0 1 1 1 1 1 1 1 0 1 0 0 0 0 1 0 1 0 0 1 1 1
704 14 9
1 1 1 1 0 0 1 1 0 1 1 0 1 0 1 1 1 0 1 0 1 0 1 1 1 0 0 0 1 0 1 0 0 0 0 0 0 0 0 0 0 0 1 1 0 1 0 1 0 1 0 1 0 1 0 0 0 1 1 0 1 0 0 0 0 1 1 1 1 1 1 1 1 1 0 0 1 1 1 0 1 1 1 0 1 0 0 0 0 1 0 1 0 0 1 1 1 1 1 1 1 0 1 1 0 1 1 1 0 0 1 1 1 1 0 1 0 1 0 0 1 0 1 0 0 0 0 0 1 0 1 0 1 1 0 0 1 0 0 1 1 1 1 1 0 0 0 0 0 0 0 1 1 1 0 0 1 1 0 1 1 1 1 1 1 0 0 0 0 0 1 1 1 0 1 0 0 0 1 0 0 1 0 1 1 1 1 1 0 0 1 0 0 1 1 1 1 0 1 0 0 0 1 1 1 1 1 1 1 1 1 0 0 0 1 0 1 0 0 1 0 0 1 0 0 1 0 0 1 0 0 1 0 0 1 1 1 1 0 1 0 0 1 0 0 0 0 1 0 0 0 0 1 0 1 0 1 0 0 0 1 0 0 1 1 0 1 0 1 1 0 0 0 1 0 0 1 1 1 0 1 0 1 1 0 1 0 0 0 1 0 1 1 0 1 1 1 0 1 1 0 1 0 0 1 1 0 1 0 0 0 0 1 1 0 1 0 0 0 0 0 0 1 0 0 1 0 1 0 0 1 0 0 1 1 1 0 1 0 0 0 1 0 0 1 1 0 0 1 1 0 1 1 0 1 0 0 0 0 1 0 0 1 1 0 1 1 0 0 0 1 1 1 0 0 1 0 1 1 1 1 0 0 0 1 1 0 0 0 0 1 0 0 1 1 1 1 1 0 0 1 1 0 0 1 1 0 0 1 1 1 0 0 0 0 1 1 1 1 0 1 0 1 1 1 1 0 0 1 1 1 1 1 1 0 1 0 0 0 0 0 1 0 1 1 1 1 0 0 1 1 0 1 1 0 1 1 1 0 1 0 0 0 0 0 1 0 0 1 1 1 0 1 0 1 0 1 0 0 0 0 0 0 1 0 0 1 1 0 0 1 1 1 0 1 0 1 1 0 1 1 1 0 0 1 1 1 1 0 0 1 0 0 0 0 1 1 1 1 0 1 0 0 0 1 1 0 1 1 1 1 1 0 0 1 0 0 0 1 0 1 1 0 0 0 0 0 1 0 0 0 1 1 1 0 0 0 0 1 1 0 0 1 0 0 0 0 1 1 1 1 0 0 1 1 0 0 1 1 1 1 0 1 0 0 1 1 0 0 0 0 0 1 1 1 0 0 0 0 1 1 1 1 1 1 1 0 1 1 0 1 0 0 0 1 0 1 1 1 1 0 1 0 1 1 0 1 0 1 1 0 1 0 1 0 1 0 1 1 0 0 0 0 1 1 0 0 1 0 0 1 1 1 1 0 1 0 1 1 1 1 1 0 0 0 1 0 1 1 1 1 1 1 0 1 1 0 0 0 1 1 0 0 0 1 1 0 0 0 1 0 1 0 1 0 0 0 1 0 0 0 1 0 0
183 156 695
1 0 1 1 1 0 0 0 1 0 0 0 1 1 0 1 0 1 0 1 1 1 0 0 0 0 1 0 0 0 1 0 0 1 0 0 0 1 1 1 1 1 0 1 1 0 1 1 1 1 0 0 0 1 1 0 0 1 1 0 0 0 1 0 0 0 1 0 0 0 1 0 0 1 0 1 0 0 1 0 1 0 1 1 0 0 0 0 1 0 0 1 0 0 0 0 0 0 0 1 0 0 0 0 0 0 0 1 0 0 0 0 0 1 1 0 1 1 1 0 1 1 0 1 0 0 1 0 1 1 0 0 0 1 0 1 0 0 0 0 0 0 0 1 0 0 1 0 1 0 1 0 0 0 0 0 1 1 1 0 1 1 0 0 0 1 0 1 1 0 1 0 0 0 0 0 0 1 0 0 0 0 1
340 281 40
1 1 0 0 0 0 0 1 0 1 1 1 1 1 1 1 0 1 0 1 1 0 1 1 0 0 1 0 1 1 0 0 1 1 1 1 1 0 1 1 0 1 0 0 0 0 0 1 0 0 0 1 1 1 1 1 0 0 1 1 1 1 1 1 0 0 0 0 1 0 0 1 1 0 0 0 1 0 1 0 0 1 0 1 0 0 1 1 1 1 1 0 1 0 1 1 1 1 1 0 1 1 1 1 0 1 1 0 0 0 0 1 1 0 0 1 1 1 1 1 1 0 1 0 1 0 1 0 0 0 0 0 0 0 0 1 1 1 1 0 0 0 0 1 0 1 1 1 0 0 1 1 0 0 1 0 1 1 1 0 1 1 1 0 1 1 1 1 0 0 0 0 1 0 0 0 1 0 1 1 0 1 0 1 0 0 0 0 1 0 1 0 0 0 0 0 0 0 0 0 0 1 1 0 0 1 0 0 1 1 1 1 0 0 1 1 0 1 0 0 0 1 1 1 1 1 0 1 0 0 0 0 0 1 1 0 1 0 0 0 0 1 1 1 1 1 0 0 1 0 0 1 1 0 1 1 0 0 0 0 1 0 1 0 0 0 0 0 0 1 0 0 0 0 1 0 0 1 1 0 1 1 1 1 0 1 1 1 0 0 0 1 1 0 0 1 0 0 0 1 1 0 0 1 0 1 1 0 0 0 1 1 1 0 1 1 0 0 0 0 1 1 0 0 1 0 0 1 1 1 0 1 0 0 0 0 1 1 1 0
541 120 695
0 1 0 0 0 1 1 0 0 0 1 1 0 0 1 1 0 0 0 1 0 1 0 0 1 1 0 1 0 0 0 1 0 1 0 1 0 1 1 1 1 0 1 0 0 0 1 1 1 1 0 1 1 1 0 1 0 0 0 0 0 0 1 1 1 1 0 1 1 1 0 0 1 1 0 1 0 0 1 1 0 0 1 1 1 0 0 0 1 1 0 0 0 1 1 1 1 1 0 0 0 0 1 0 1 1 0 0 0 0 0 1 0 0 0 1 0 1 1 1 0 1 1 0 0 0 1 1 1 1 1 0 0 0 1 1 0 1 1 0 1 0 0 1 0 0 1 1 1 1 0 0 1 0 1 0 0 1 1 1 0 0 0 0 1 1 0 0 0 0 0 0 0 0 1 1 1 0 0 1 0 0 0 0 0 1 0 0 1 0 1 0 0 0 1 0 1 0 0 0 0 0 0 0 1 0 0 1 0 0 1 1 1 0 0 0 0 0 0 0 1 0 1 0 1 0 0 0 1 0 1 0 0 1 1 0 0 0 0 1 0 1 0 1 1 1 1 0 0 1 0 0 1 1 1 1 0 0 0 0 1 1 0 1 0 1 0 1 1 1 1 0 1 1 1 0 1 0 0 0 0 1 1 0 0 0 1 0 0 0 0 0 0 1 0 0 0 1 1 0 0 1 1 0 0 1 1 0 0 0 1 1 0 1 0 1 0 0 0 0 1 0 0 0 1 1 1 1 0 0 0 1 1 0 1 0 0 0 0 1 0 1 1 1 1 0 1 1 1 1 0 1 0 0 0 1 1 0 0 1 0 1 0 0 0 1 0 1 1 0 1 0 1 0 0 1 0 1 0 1 1 1 1 1 1 0 1 0 1 0 0 0 1 0 0 0 0 1 0 1 1 1 0 0 1 0 0 0 1 1 0 1 1 1 0 1 0 1 0 1 0 1 1 1 1 1 1 0 0 0 1 0 1 0 1 1 1 1 0 0 0 1 1 1 0 0 0 0 0 1 1 0 1 0 1 0 1 1 1 0 0 1 0 0 1 0 0 0 0 1 1 1 0 1 0 1 0 0 1 0 0 1 0 0 0 0 1 1 1 0 0 0 0 0 1 0 0 1 1 1 0 1 1 0 0 0 0 1 0 1 0 1 1 1 0 1 1 1 1 1 1 1 0 1 1 1 0 1 1 1 0 0 1 1 0 0 0 0 1 1 1
523 469 719
0 1 0 0 1 1 1 1 0 1 0 0 0 0 1 0 1 1 0 0 0 1 1 1 0 1 1 0 1 1 0 0 0 1 0 0 0 1 1 0 1 0 1 1 1 1 0 1 1 0 1 0 0 1 1 1 1 0 1 0 0 1 1 1 0 1 0 1 1 0 1 0 1 0 1 1 1 0 1 0 0 0 0 0 1 1 0 1 0 0 0 0 0 1 0 0 0 1 1 1 1 0 1 1 0 0 0 0 0 0 1 0 0 1 1 0 0 1 0 0 1 1 0 0 0 0 1 1 1 0 0 1 0 0 0 1 0 0 1 0 0 1 1 1 0 0 0 0 1 0 0 0 0 0 1 0 1 1 1 0 1 0 1 1 0 0 0 1 1 0 1 0 0 1 1 0 1 0 1 0 0 0 1 1 0 1 1 0 1 1 0 0 0 1 0 0 0 0 0 0 0 0 0 1 1 1 1 0 1 1 0 0 1 0 1 0 1 0 1 0 1 1 1 0 1 0 0 1 1 1 1 0 0 0 1 1 1 0 0 1 0 1 1 1 0 0 0 0 0 0 0 0 0 1 0 0 1 0 0 1 1 0 1 0 1 0 0 0 0 0 1 1 1 1 1 1 1 1 1 1 0 0 1 1 0 1 1 0 0 1 0 1 0 1 0 0 0 1 1 1 1 0 0 0 1 0 0 0 1 0 1 1 1 0 0 1 1 0 1 1 0 0 0 0 1 0 0 0 0 1 1 1 1 0 1 1 0 0 1 1 0 0 0 1 1 0 1 1 0 1 1 0 0 0 1 1 0 0 0 0 1 1 1 0 0 0 1 1 0 1 0 1 0 0 1 0 1 1 1 1 1 0 0 1 1 1 0 0 0 0 1 0 1 0 0 0 0 0 0 1 1 0 1 0 0 1 0 0 0 0 0 1 0 1 0 0 1 1 1 1 0 0 1 0 0 0 1 0 0 0 1 1 0 0 0 1 1 1 1 1 0 0 1 1 1 1 1 1 1 0 0 1 1 0 1 1 1 1 1 1 1 0 1 1 0 1 1 0 1 1 1 0 1 1 1 1 0 0 1 0 1 1 0 0 0 1 0 1 1 0 1 1 1 1 0 0 0 1 0 1 1 0 1 1 0 1 0 1 1 1 1 1 1 1 0 1 0 0 0 1 0 0 1
507 257 532
0 0 0 1 0 1 1 0 1 1 0 0 0 0 1 1 0 1 0 0 0 1 0 1 1 1 1 1 0 1 1 0 0 0 0 0 1 1 1 1 1 1 1 1 0 0 0 0 0 0 1 1 0 0 0 0 0 1 0 1 0 1 1 1 1 0 1 0 0 0 1 1 0 0 1 1 0 0 1 0 0 0 0 1 1 0 0 0 1 0 1 0 1 0 0 1 1 1 1 1 1 0 1 1 1 1 1 0 1 1 0 0 0 0 1 0 0 0 1 0 0 1 0 1 0 0 0 0 0 0 1 0 0 1 1 0 0 1 0 0 0 1 1 1 0 1 1 0 1 1 0 0 1 1 1 1 0 0 0 1 1 0 0 0 1 1 0 1 1 1 0 0 0 0 0 1 1 1 1 1 0 1 1 0 0 0 0 1 1 1 1 0 1 0 0 1 0 1 0 0 1 1 1 1 0 0 1 0 0 0 0 0 0 0 0 0 1 0 0 1 0 1 1 1 0 1 1 1 1 0 1 1 1 1 0 1 1 0 0 1 0 1 1 0 0 0 0 0 1 1 1 1 1 0 0 0 0 1 1 1 1 0 0 1 0 0 0 1 0 1 0 0 1 1 1 1 0 0 1 0 0 0 0 0 0 1 1 1 0 1 1 0 0 1 0 0 1 1 1 1 1 1 1 0 1 0 1 0 0 1 0 0 1 0 1 0 0 1 1 0 0 0 0 0 1 0 1 1 1 0 1 1 0 1 0 0 0 0 1 0 1 0 0 1 1 1 0 0 0 0 0 0 1 0 1 1 0 0 0 0 1 1 1 0 0 0 0 1 1 0 0 0 0 1 1 0 0 0 0 1 1 0 0 1 0 1 0 0 1 1 1 1 1 1 0 1 1 0 1 0 1 1 0 1 1 0 1 1 0 1 0 1 0 0 0 1 0 0 1 0 0 0 0 0 0 1 0 0 0 1 1 0 0 1 1 0 0 0 1 1 1 0 1 0 0 1 1 1 0 1 1 1 1 1 0 1 0 1 1 1 0 1 0 0 1 1 0 1 0 1 0 0 0 1 1 1 0 1 1 0 1 0 0 1 0 0 0 0 1 1 0 0 1 1 1 0 0 1 0 1 0 0 0 0 0 0 0
73 71 556
0 0 0 1 1 1 0 1 1 0 0 0 1 1 1 0 1 0 1 1 1 0 0 0 1 0 0 1 0 1 1 1 1 0 1 0 1 0 1 0 1 1 0 0 1 0 1 0 0 1 0 0 1 1 0 1 1 1 0 1 0 0 1 1 1 0 0 1 0 0 0 1 0
441 378 343
1 0 1 0 1 0 1 1 1 0 1 1 1 1 0 0 1 1 0 0 0 0 0 1 0 1 1 1 0 0 1 1 1 1 1 1 1 1 0 0 0 1 0 1 0 0 1 1 1 0 1 0 0 0 0 0 1 0 0 0 0 1 1 1 1 1 1 1 0 0 0 1 0 0 1 0 1 1 1 0 1 0 1 0 0 0 0 1 0 1 1 0 1 1 0 0 0 1 1 0 0 0 1 1 0 1 0 0 0 1 1 1 0 1 0 1 1 0 0 1 0 1 0 0 1 0 0 1 1 0 1 0 1 1 1 1 0 0 0 1 1 0 1 1 0 0 1 1 1 1 1 0 0 1 1 1 0 1 1 1 1 0 0 0 0 0 1 1 0 0 0 0 1 0 0 1 1 0 0 0 1 1 1 0 0 1 1 1 1 1 0 0 1 1 1 1 0 0 0 1 1 1 0 1 1 0 1 0 1 1 1 1 1 0 1 0 0 1 0 0 1 0 0 0 0 0 0 1 1 1 0 1 0 0 0 0 1 1 1 0 1 1 1 1 1 1 0 0 1 0 1 1 0 1 1 0 1 0 1 1 0 1 0 1 1 1 1 1 1 1 1 1 0 1 1 0 0 1 0 0 1 1 0 1 1 1 1 1 0 1 1 0 0 1 0 1 0 0 0 0 0 0 0 1 0 1 1 0 1 0 1 0 1 0 1 0 0 0 1 1 1 0 0 0 1 0 0 0 1 1 1 1 0 1 0 1 0 0 1 0 0 1 0 0 0 1 0 1 1 0 0 0 1 1 1 1 1 0 0 0 0 0 0 1 0 1 0 0 0 1 1 1 1 0 0 0 0 1 1 0 0 0 0 1 1 0 1 1 1 1 0 1 1 1 0 1 1 0 1 0 0 1 1 1 1 1 1 1 1 1 0 1 1 0 0 1 1 0 0 1 1 0 0 0 1 1 0 1 1 0 1 0 0 1 1 0 1 0 1 1 1
581 412 392
0 0 0 0 1 0 0 0 1 1 1 0 0 0 0 1 0 0 0 0 0 0 0 1 1 1 1 1 1 1 1 1 0 0 0 0 0 0 0 0 1 1 1 1 0 1 0 0 1 1 1 0 0 1 0 1 1 0 0 0 0 1 0 0 1 0 1 0 1 0 0 0 1 1 1 1 0 0 1 0 1 1 0 0 1 0 1 0 0 0 0 0 1 1 1 0 1 0 0 0 0 0 0 1 1 0 1 1 1 1 0 0 0 0 1 0 1 1 0 0 1 1 1 1 0 1 0 1 1 1 1 1 1 0 0 1 0 1 1 0 1 1 1 1 0 1 0 0 1 1 0 0 0 1 0 0 1 1 1 1 0 1 0 0 1 0 0 0 0 1 0 0 0 1 0 1 1 1 1 1 1 0 1 1 1 1 1 1 1 0 0 1 0 1 0 0 1 1 0 0 0 1 1 1 1 0 0 0 0 0 0 1 1 1 1 1 1 0 1 0 0 1 1 0 0 1 0 0 1 1 1 0 0 1 1 0 1 0 0 1 0 1 0 0 0 1 1 0 1 0 1 1 1 0 1 0 0 1 0 1 1 0 1 1 0 1 0 0 0 1 0 0 0 0 1 1 1 0 0 1 1 0 1 0 1 1 0 0 0 1 0 0 0 1 1 1 0 0 0 1 0 1 0 0 0 1 0 1 1 0 0 1 1 0 1 1 0 1 1 0 0 1 0 1 0 1 0 1 0 1 1 0 0 1 1 0 0 1 0 0 0 1 0 0 0 0 1 1 0 1 0 0 0 1 0 0 0 0 0 0 0 0 0 1 1 0 0 1 1 1 1 1 0 0 0 0 1 0 1 0 0 1 1 1 0 0 0 0 1 0 1 0 1 1 0 0 1 0 1 0 0 1 1 1 1 0 0 0 0 0 1 1 0 1 0 0 1 0 0 0 1 0 0 1 1 1 1 0 1 0 0 0 1 1 0 0 0 0 0 1 1 0 1 1 0 0 1 0 1 0 1 0 0 1 0 1 1 0 0 0 1 1 0 0 0 0 1 0 0 0 0 1 1 1 0 0 0 1 0 0 0 1 0 0 1 1 1 1 1 1 1 0 1 1 0 0 0 1 1 1 1 0 0 0 1 1 1 0 0 0 0 1 1 1 1 1 1 1 1 0 1 1 0 0 0 0 0 0 1 0 0 0 0 1 1 1 1 0 0 1 0 1 1 0 1 0 1 0 0 1 1 0 1 0 0 1 1 0 0 1 0 1 1 0 0 1 1 1 1 1 1 0 1 1 0 1 0 0 0 1 0
20 4 633
1 0 0 0 1 0 1 1 0 1 1 1 0 1 0 0 0 1 1 0
426 208 366
1 1 0 0 0 0 0 1 1 1 0 1 0 1 1 0 1 1 1 0 0 1 0 1 0 1 0 1 0 1 1 0 0 0 1 0 0 1 1 1 1 0 1 1 0 0 1 1 0 1 1 0 1 0 0 1 0 1 1 1 0 0 1 1 0 1 0 1 1 1 0 1 0 0 1 0 1 1 1 0 0 1 1 0 0 1 1 0 1 1 0 1 0 0 0 0 0 1 1 1 0 0 1 1 1 0 0 0 0 0 0 0 1 0 1 0 1 1 0 0 1 0 1 0 1 1 1 1 1 1 0 0 0 1 0 0 0 1 1 0 1 0 0 0 0 0 1 0 0 0 1 0 0 1 0 0 1 0 0 1 1 0 0 1 1 1 1 0 1 1 0 1 1 1 1 0 0 1 1 0 1 1 0 1 1 0 1 0 1 1 1 0 1 0 1 1 1 0 0 0 0 0 0 1 0 1 1 0 1 1 1 0 1 0 1 1 1 1 0 1 0 0 1 0 1 1 0 0 1 0 0 1 1 0 0 1 0 1 1 1 1 1 0 0 0 1 0 1 0 1 0 1 0 1 1 0 1 1 1 0 0 0 1 1 0 0 1 1 0 0 0 0 0 0 1 1 0 0 1 1 0 1 1 0 1 0 1 1 0 1 0 0 0 1 1 0 0 1 0 1 1 0 0 1 1 1 0 1 0 1 1 1 0 1 1 1 1 1 1 1 1 0 1 1 1 1 1 1 1 1 0 1 1 1 0 0 1 0 0 1 1 0 0 0 1 0 1 1 1 1 0 1 1 0 0 1 0 0 0 1 0 1 0 1 0 0 0 0 1 1 1 0 1 0 1 1 1 0 0 0 0 0 1 0 0 1 1 0 0 1 0 0 1 0 0 1 1 0 0 0 1 1 1 0 1 1 1 1 0 1 0 0 0 1 0 0 0 0 1 1 1 1 1 0 0 0
271 244 629
1 0 0 1 1 1 1 0 1 0 0 1 0 0 0 0 1 1 1 1 0 0 1 1 0 0 1 1 1 1 0 0 0 0 0 0 1 0 1 0 1 0 0 1 0 0 1 1 0 1 1 0 1 1 0 1 0 0 0 0 1 0 1 0 1 0 1 0 1 0 1 1 0 0 1 0 1 0 1 1 0 0 1 0 0 1 1 0 0 1 0 1 1 1 0 0 0 1 0 0 0 1 0 1 0 1 0 0 1 0 0 0 0 1 0 1 1 0 0 0 1 0 0 1 0 0 0 1 0 1 1 1 0 0 1 1 0 1 0 0 1 0 1 1 0 1 0 1 0 0 1 1 1 1 0 0 1 0 1 1 0 1 0 1 0 0 0 0 1 0 1 1 0 0 0 0 0 0 0 1 1 1 1 0 0 0 0 1 0 1 0 1 0 1 0 0 1 1 1 0 1 0 1 1 0 1 1 1 0 0 1 0 0 0 1 0 1 0 1 0 1 0 1 1 0 1 0 1 1 1 1 0 0 0 1 0 1 1 0 0 0 0 1 0 1 0 1 1 0 0 1 1 1 0 0 1 1 1 0 1 0 1 0 0 0 1 0 1 0 0 1
428 103 353
0 0 1 1 1 1 0 1 1 0 0 1 1 0 0 1 0 0 1 0 1 0 0 0 0 1 0 1 0 0 1 1 0 0 0 0 0 1 0 0 0 1 1 1 0 1 0 1 1 0 1 0 0 0 1 1 0 0 1 1 0 0 1 0 0 0 0 0 1 1 0 0 0 0 0 1 1 0 0 0 0 0 0 1 1 0 1 0 0 0 1 0 0 1 1 1 1 0 0 1 0 1 0 0 1 0 1 0 1 1 1 0 1 0 0 0 0 0 1 0 0 0 1 1 0 0 0 1 1 0 1 1 1 1 0 0 0 1 0 0 0 1 0 0 0 0 1 0 1 1 1 1 1 1 0 0 0 0 0 0 1 0 1 1 0 1 0 1 0 0 1 1 1 1 1 0 0 0 0 1 0 1 1 0 0 1 0 1 1 1 1 0 0 1 1 1 1 1 0 1 1 1 0 0 0 0 1 0 0 0 0 1 0 0 1 0 0 0 1 0 0 1 0 0 0 1 1 1 0 0 0 0 1 0 0 1 1 1 0 0 0 0 0 1 1 1 1 1 0 1 0 1 1 1 1 1 1 0 1 1 1 1 1 1 0 1 1 1 1 1 0 0 0 1 0 0 0 1 1 1 1 1 0 0 0 1 0 1 1 1 1 1 1 0 0 1 1 0 0 1 1 1 0 0 1 0 0 0 0 0 0 1 0 0 1 0 0 1 1 0 1 1 1 1 1 1 1 0 1 1 1 0 0 1 1 1 0 1 1 1 1 1 0 1 1 0 1 1 1 1 0 1 0 0 1 0 1 1 0 0 1 1 0 1 0 0 1 1 1 0 0 0 1 1 0 1 1 0 1 1 0 1 1 1 0 1 0 0 0 1 0 0 1 0 1 1 1 0 0 0 0 0 1 0 1 0 0 1 0 1 0 1 0 1 1 0 0 0 0 0 0 1 0 1 1 1 0 1
650 214 607
1 0 1 0 1 1 0 0 1 0 1 0 0 1 0 0 0 1 1 1 0 1 1 0 1 0 0 1 1 1 0 1 1 1 0 0 0 1 1 0 1 0 1 1 0 1 0 1 0 1 1 0 0 0 0 0 1 0 1 1 1 0 0 0 0 0 0 1 1 1 0 0 0 1 1 0 0 1 0 1 1 0 1 0 0 0 1 1 1 0 0 0 0 0 1 1 1 0 1 0 0 1 0 0 0 1 1 0 0 0 1 0 1 0 0 1 0 1 0 0 1 1 1 1 1 0 1 0 1 1 1 0 0 1 1 1 0 1 0 1 0 0 1 0 0 0 1 0 0 1 1 1 0 1 0 1 0 0 1 1 0 1 1 1 0 0 0 1 1 1 1 1 0 1 0 0 1 1 1 1 1 1 1 0 1 0 0 0 1 0 0 1 0 1 1 1 0 0 1 0 1 1 0 1 0 0 1 0 1 1 1 0 1 0 0 0 1 1 1 0 1 1 0 1 1 0 0 1 0 0 0 1 0 0 1 0 0 0 0 0 0 1 1 0 1 0 1 0 1 0 0 1 0 0 1 1 0 0 1 0 1 1 1 1 1 1 1 0 1 1 1 0 0 0 0 0 0 1 1 0 0 0 1 0 1 0 0 1 0 1 1 0 0 1 0 0 0 1 1 1 1 1 0 0 0 0 0 1 0 0 0 0 1 0 0 0 1 1 0 1 1 0 1 1 1 0 1 1 0 1 1 0 0 1 1 0 1 1 1 1 1 0 0 1 0 1 1 1 0 1 1 1 0 0 0 1 0 0 1 1 0 0 1 0 1 1 0 1 1 1 0 0 1 1 0 1 0 0 0 0 0 0 0 1 0 1 1 1 0 0 0 0 1 1 0 1 1 0 0 1 0 1 0 0 1 1 1 1 1 0 1 0 0 1 1 0 1 1 0 0 0 1 0 0 0 0 1 1 0 1 1 1 1 0 1 0 0 1 1 0 1 0 1 1 1 1 0 0 1 1 1 1 0 1 0 1 0 0 0 1 1 1 0 0 1 0 0 1 0 0 0 0 1 0 0 1 1 0 0 1 0 0 1 0 0 1 1 0 0 1 1 0 0 1 0 0 0 0 1 1 0 0 1 1 0 0 1 0 0 1 0 0 1 0 0 1 1 0 1 0 0 1 1 0 1 0 1 1 0 1 0 1 1 0 1 0 0 1 0 1 1 0 0 0 1 1 1 1 0 0 1 1 0 1 1 0 0 1 1 0 0 1 0 1 1 0 0 0 0 1 1 1 0 1 0 1 0 0 1 1 0 1 0 0 1 0 1 0 1 0 0 1 1 0 0 1 0 0 0 1 0 1 0 0 0 0 1 1 1 0 0 1 0 0 0 1 1 0 1 0 0 1 1 0 1 0 1 0 1 1 0 1 0 0 1 1 0 1 0 1 0 1 0 1 1 1 1 0 1 0
539 447 722
1 1 1 0 0 1 1 0 0 1 1 1 0 0 1 1 0 0 0 1 1 0 0 0 0 1 1 0 0 1 0 1 1 1 0 1 1 0 1 1 1 1 0 0 1 0 0 0 0 0 0 0 1 1 0 1 1 1 0 0 0 0 1 1 1 1 1 1 1 0 1 0 0 0 0 1 0 1 0 0 1 1 1 1 0 1 0 1 0 0 1 1 1 1 0 1 1 1 1 0 1 0 0 1 0 1 1 0 1 0 0 0 1 0 0 0 0 0 1 0 1 0 1 1 0 1 0 0 0 0 0 0 0 1 1 0 0 0 0 0 0 0 0 0 1 1 0 0 1 0 1 0 1 0 0 1 1 1 0 0 0 0 1 0 0 1 0 0 0 0 0 0 1 1 0 0 0 1 1 1 0 0 0 0 0 0 1 0 0 1 0 0 0 0 1 0 1 0 0 1 0 0 1 1 0 1 0 1 0 0 0 0 0 1 1 1 1 0 0 1 1 1 0 0 1 1 0 1 1 1 1 0 0 1 1 1 1 0 0 0 0 0 1 1 1 0 1 1 1 0 1 0 0 0 1 0 1 1 0 0 1 1 1 0 0 0 1 0 1 1 0 1 0 0 0 0 1 1 0 0 0 0 0 1 1 1 0 0 0 0 0 1 0 0 1 1 0 0 0 0 1 1 1 0 0 1 0 1 1 0 0 1 0 0 1 1 1 0 1 0 1 0 0 0 0 1 0 1 0 0 0 0 1 0 1 0 0 1 0 0 0 0 1 1 1 1 0 0 0 1 0 0 1 0 1 0 0 0 0 0 1 0 1 1 1 1 1 1 0 0 0 1 0 1 0 0 0 1 0 1 0 1 0 1 0 1 0 0 1 1 0 1 0 0 0 1 0 1 1 0 0 1 0 1 1 0 0 0 0 0 1 1 0 1 0 1 0 0 0 0 1 0 0 1 1 1 0 0 0 0 1 0 1 1 0 0 0 0 0 0 0 1 1 0 1 1 0 0 0 1 0 0 0 1 0 0 1 0 1 1 0 0 1 1 1 0 0 1 0 1 0 1 0 1 1 0 1 1 0 1 1 0 1 1 0 0 0 1 0 1 1 1 1 1 1 1 1 0 0 0 1 1 0 1 0 0 0 0 0 0 1 1 1 0 1 0 0 0 0 1 0 0 1 0 1 0 1 1 1 0 1 1 1 1 1 0 1 1 0
661 616 64
0 0 0 1 1 1 1 1 0 0 0 0 1 1 0 0 0 0 1 1 1 0 1 0 0 1 1 0 0 0 1 0 1 1 1 0 0 0 1 1 1 0 1 0 0 0 1 1 0 0 0 1 0 1 0 0 1 1 1 1 1 0 0 1 0 0 0 1 0 1 1 1 1 0 1 0 1 1 0 0 0 1 1 1 1 0 0 1 0 0 1 0 1 0 1 1 0 1 0 1 1 0 0 0 0 0 0 0 0 1 1 0 0 0 1 1 1 0 1 0 0 0 1 1 0 0 0 1 0 0 0 1 0 1 0 0 1 0 1 1 1 1 0 1 1 1 0 1 0 1 0 1 1 0 1 0 0 1 1 1 0 1 1 0 1 0 1 0 1 0 1 1 1 1 1 1 0 1 0 0 0 1 0 0 0 1 1 0 0 1 0 1 0 0 0 1 1 0 1 0 0 0 0 1 1 1 0 0 0 1 1 1 0 1 1 1 0 1 1 1 1 1 1 0 0 0 0 1 1 0 1 0 1 0 0 0 0 1 0 1 0 0 0 0 1 0 1 0 1 0 0 0 1 0 0 1 0 1 0 0 0 0 0 1 0 1 0 0 1 1 1 1 1 1 0 1 1 0 1 1 1 1 0 1 1 0 0 0 0 1 0 1 1 0 0 0 1 1 1 1 1 1 0 0 1 1 1 1 1 0 0 1 1 1 0 0 1 1 1 1 0 1 0 1 1 1 0 1 1 1 1 0 1 0 0 1 1 1 0 1 1 1 0 1 0 0 1 0 1 0 1 1 1 0 1 0 1 0 1 0 1 1 1 0 1 0 1 1 0 1 1 0 1 1 1 1 0 1 1 0 1 0 1 1 0 0 0 0 1 1 1 1 0 1 1 1 1 1 1 0 0 1 0 1 0 0 0 1 1 0 0 1 1 1 0 1 1 0 1 0 1 0 0 0 0 1 1 1 0 0 1 0 1 0 0 1 1 0 0 0 0 1 0 1 1 1 0 1 0 0 0 0 0 0 0 1 1 1 0 1 1 0 0 1 1 1 0 1 0 0 1 0 1 1 0 0 0 0 1 0 0 0 0 0 0 0 0 1 1 1 1 0 0 1 0 0 1 0 1 1 1 1 1 0 0 1 1 0 0 1 0 1 0 0 1 0 0 0 1 0 1 0 0 0 1 1 1 0 0 1 1 0 1 1 1 1 1 1 0 0 0 1 0 0 0 0 0 0 1 0 1 0 0 0 1 1 1 1 0 1 0 1 0 0 1 1 0 1 0 1 1 1 0 1 1 1 1 0 0 0 1 1 1 0 0 0 1 0 1 0 1 0 0 0 0 1 0 0 0 0 1 0 0 1 0 1 0 1 1 1 1 1 0 0 1 1 0 1 1 0 1 0 0 0 1 1 0 0 1 0 1 1 1 1 0 1 0 1 1 1 0 1 1 1 0 1 1 1 0 1 1 1 1 0 1 1 1 1 1 0 1
368 173 621
1 0 1 1 0 0 0 1 1 0 1 1 0 0 1 1 0 0 1 1 0 0 0 1 0 0 1 1 1 1 0 0 1 1 0 1 0 0 0 1 1 1 0 0 1 0 1 1 1 0 0 1 1 0 1 0 0 0 1 1 1 1 1 0 1 1 1 1 1 0 0 0 0 1 0 0 0 0 1 1 0 0 1 0 0 1 1 1 0 0 1 1 0 0 1 1 0 1 1 1 1 1 1 1 0 0 1 1 1 0 0 0 0 1 1 0 1 0 0 1 1 1 1 0 0 0 1 0 0 1 1 1 0 1 1 0 0 1 0 0 0 0 0 1 0 1 1 1 1 1 1 0 0 1 1 0 1 0 0 0 0 1 0 0 1 0 0 1 1 0 0 1 0 1 0 1 1 1 0 0 0 0 1 1 1 0 1 1 0 1 0 0 1 0 1 0 1 1 0 1 1 1 1 0 1 0 0 1 0 0 1 1 1 1 0 1 0 1 1 0 0 0 1 0 1 1 1 0 0 0 0 1 0 0 1 1 0 1 0 0 1 0 0 0 1 0 0 0 0 0 0 0 1 0 0 0 0 1 0 0 1 1 1 1 1 1 1 0 0 0 0 1 1 1 0 1 0 1 0 0 1 0 0 1 1 0 0 1 1 1 1 0 1 0 1 1 1 0 0 1 1 0 0 0 0 0 1 0 0 1 1 1 0 0 1 0 1 0 1 1 1 0 1 1 0 1 0 0 0 0 0 1 1 0 0 0 0 1 1 1 0 0 1 0 1 1 0 1 0 1 1 1 0 1 0 0 0 0 1 1 0 1 1 0 0 0 1 1
305 66 551
1 1 0 0 0 0 0 0 0 0 1 1 0 0 0 0 0 1 0 1 0 0 1 0 1 1 0 1 1 1 1 0 1 1 0 0 0 1 0 1 0 0 1 0 0 0 1 0 1 0 1 0 1 1 1 1 1 1 1 1 1 1 0 0 1 0 1 0 0 0 0 0 0 0 1 0 1 0 1 0 1 0 0 1 1 1 0 0 0 1 0 1 0 1 1 1 1 1 1 1 0 1 0 1 0 0 1 1 0 0 1 0 0 1 0 0 1 0 0 1 0 1 1 1 0 1 1 0 0 1 0 0 1 1 0 0 0 1 1 0 0 0 1 0 1 0 1 1 1 1 0 0 1 1 0 1 0 1 0 0 1 0 1 1 1 0 1 1 1 0 1 0 1 0 0 0 1 1 1 1 1 1 0 1 0 0 0 1 0 1 1 1 0 0 1 0 1 1 0 0 0 1 1 1 1 0 0 0 0 0 1 1 1 0 0 1 0 0 1 1 0 1 1 1 1 0 0 0 1 0 1 1 0 0 0 1 0 1 1 1 1 1 1 0 1 0 0 1 0 0 0 0 1 1 0 1 1 1 1 1 1 1 0 1 0 1 0 1 1 0 0 1 0 0 0 1 1 0 0 1 0 1 0 0 0 0 0 0 1 1 0 0 1 0 0 0 1 0 0 0 1 1 0 1 1
