89
22 3 15
0 1 1 0 0 0 1 1 0 1 1 0 1 0 0 1 0 0 1 0 1 1
8 6 34
1 1 1 0 1 1 0 1
55 32 7
0 1 0 0 0 0 0 1 0 1 1 1 1 0 1 0 1 0 1 1 1 1 1 0 1 1 0 1 0 0 1 1 0 1 1 1 0 0 0 0 1 1 0 1 0 1 0 0 1 1 1 0 1 0 0
55 54 20
1 0 1 0 1 0 1 0 0 1 0 1 1 0 1 1 0 0 1 0 0 0 1 0 0 1 0 0 0 1 0 1 0 0 1 0 1 0 1 0 0 1 1 1 1 0 0 1 1 0 1 1 0 0 0
15 15 61
1 1 0 0 0 0 0 1 0 1 1 1 0 1 1
62 25 23
0 0 0 1 1 1 1 1 0 1 1 1 1 1 0 0 1 1 0 1 0 1 1 1 0 1 1 0 1 0 1 1 0 0 0 1 1 0 1 1 1 0 0 0 1 1 1 0 1 0 0 1 0 1 1 0 0 1 0 1 0 1
59 57 4
1 1 0 1 1 0 1 0 1 0 0 0 1 0 1 0 0 0 1 0 0 1 1 1 1 0 0 0 0 0 0 0 1 1 1 0 1 0 1 1 0 1 1 0 1 0 1 1 0 1 1 1 1 0 1 0 1 0 0
10 6 54
1 1 0 0 1 0 1 1 0 0
65 58 5
1 1 0 1 1 0 0 0 0 1 1 1 0 0 0 0 0 0 0 1 0 0 1 0 1 1 0 1 0 1 0 1 0 0 0 0 0 0 0 0 1 1 0 0 0 1 0 0 1 0 0 0 0 1 1 0 1 1 0 0 1 0 0 0 0
52 24 1
0 1 1 1 0 0 0 1 1 0 1 1 0 0 1 0 0 1 0 0 0 0 1 1 0 0 1 1 1 0 1 1 0 0 1 0 0 0 0 1 0 0 0 0 0 0 1 0 0 1 0 0
51 35 1
1 0 0 0 1 1 1 0 0 1 1 1 0 0 0 0 0 0 0 1 1 0 1 1 0 1 1 0 1 0 0 1 1 0 1 1 1 1 1 0 0 1 0 1 1 0 0 0 1 1 0
65 13 51
0 0 1 0 0 1 0 0 1 0 1 1 0 0 0 1 1 1 1 0 0 0 1 1 0 1 0 0 0 0 1 1 1 1 0 1 1 1 1 1 0 1 1 0 0 0 0 0 1 1 1 1 0 0 0 1 1 1 1 1 0 1 1 1 0
26 22 3
0 0 0 0 0 1 0 0 1 0 1 1 1 1 1 1 0 1 0 0 0 1 1 0 1 1
24 11 2
1 0 1 1 1 0 1 0 1 0 1 1 0 0 0 0 1 0 0 0 1 1 1 1
43 43 34
0 0 1 0 1 0 1 1 1 1 1 0 1 0 1 1 1 1 0 1 1 0 0 0 1 0 0 1 1 1 1 0 1 0 0 1 1 0 1 1 0 0 1
60 50 38
1 1 0 1 1 1 0 0 1 0 0 0 1 0 0 1 0 0 1 1 1 1 1 1 1 1 0 0 0 1 0 0 0 1 0 0 1 1 1 1 0 1 1 0 0 0 0 1 0 1 0 0 1 1 0 0 1 0 1 0
55 26 37
0 0 0 1 1 1 1 1 0 0 1 1 0 0 0 0 1 1 1 0 0 1 1 1 0 0 1 1 1 1 0 0 0 0 1 0 1 0 1 1 0 1 0 0 1 0 1 1 0 1 0 1 1 0 1
63 41 65
0 0 1 0 0 0 1 1 0 1 1 0 0 1 0 1 1 0 1 0 1 0 1 0 1 1 1 0 0 1 1 0 1 1 0 1 1 0 0 1 1 1 1 1 1 1 0 0 1 0 0 0 0 0 0 0 1 0 1 0 1 0 1
46 29 18
1 1 0 0 1 0 1 1 1 0 0 0 0 0 0 1 0 1 1 0 1 0 0 1 1 0 0 0 0 0 0 0 1 1 1 0 0 1 0 1 1 0 1 1 0 1
37 26 40
0 1 1 1 0 0 0 0 1 0 0 0 0 0 0 1 1 1 1 0 0 0 1 0 1 1 0 1 1 0 0 1 1 0 1 0 0
6 6 37
1 1 0 1 0 0
23 23 15
0 1 0 0 1 0 1 1 0 1 0 1 1 1 1 1 0 1 0 1 1 1 0
23 16 48
0 1 1 0 1 0 0 1 0 0 1 1 0 1 0 1 1 0 1 1 1 0 1
50 38 34
0 1 1 0 0 0 0 1 0 0 1 0 1 0 1 0 0 0 1 0 1 1 1 0 0 1 0 0 1 1 1 1 1 1 1 1 0 1 1 0 1 1 0 1 1 1 1 0 1 1
14 13 15
1 1 0 1 0 0 0 0 0 0 1 0 0 1
12 6 38
1 1 0 0 0 1 0 1 0 1 0 1
40 14 48
1 0 0 1 1 1 1 0 1 1 0 1 0 1 1 0 1 1 0 1 0 0 0 1 1 1 0 0 1 1 0 1 0 1 0 0 1 1 1 0
17 12 1
1 1 1 1 1 1 1 0 1 1 1 0 0 0 1 1 0
20 13 6
1 1 1 1 0 0 0 0 1 0 0 1 1 1 0 0 0 1 0 1
6 4 60
0 0 0 0 0 0
44 33 15
0 0 0 0 0 1 0 0 1 1 0 1 1 0 0 0 0 1 1 1 1 1 0 0 0 1 0 0 0 0 1 1 0 1 1 1 1 0 0 1 1 1 0 0
32 19 12
1 0 0 0 0 0 1 1 1 0 0 0 1 1 1 1 1 0 1 0 0 1 1 0 1 1 1 0 1 0 0 1
45 40 36
1 0 1 0 1 0 0 1 1 0 0 0 0 1 1 1 0 0 0 1 1 1 1 0 1 0 1 0 0 0 1 0 1 1 0 0 0 1 0 1 0 0 1 1 0
59 39 2
1 0 1 1 0 1 0 1 1 1 0 1 0 0 1 1 1 0 1 1 1 0 1 1 0 0 0 1 0 1 0 1 1 0 1 1 1 1 1 1 0 1 0 1 0 0 0 0 1 1 0 1 0 0 0 1 0 1 1
29 27 43
1 0 0 0 0 1 0 0 0 1 0 1 1 0 1 0 0 0 1 1 0 0 1 1 0 1 1 0 1
22 13 48
0 1 0 1 0 0 1 1 1 0 1 1 1 1 1 0 1 0 0 0 0 0
34 13 66
0 1 0 1 1 1 1 0 0 1 0 0 1 1 0 1 0 1 0 1 1 0 1 1 0 1 1 0 0 1 0 1 0 1
56 45 10
0 1 0 1 0 1 0 0 1 1 1 0 1 0 0 1 1 0 1 1 0 1 1 0 1 0 1 0 1 1 0 0 1 1 0 1 1 0 1 1 1 1 1 0 1 1 1 1 0 1 1 0 1 1 1 1
22 14 46
1 1 1 1 1 1 1 0 1 0 0 0 1 0 1 1 0 0 1 1 1 0
46 12 47
1 0 0 0 0 0 0 0 0 1 0 1 0 0 1 1 0 0 1 1 1 1 0 1 1 0 1 1 0 1 0 0 1 1 0 1 1 0 0 0 1 0 1 0 0 1
13 9 14
0 0 1 0 0 1 0 0 0 0 0 0 1
62 22 17
0 1 0 0 1 1 0 0 1 1 0 0 0 1 0 0 0 0 0 1 0 0 1 1 0 0 1 0 1 0 1 1 0 1 0 1 1 1 1 1 0 1 0 1 1 0 1 1 1 0 0 0 1 1 1 1 0 0 0 1 1 0
52 29 6
1 1 1 1 0 1 1 1 1 1 0 1 0 0 0 0 0 1 0 0 1 0 0 0 0 0 1 0 0 1 1 0 1 1 1 1 0 0 1 1 1 1 0 1 1 1 1 1 0 0 0 0
52 45 7
1 0 1 1 1 1 0 0 0 0 0 1 0 0 1 1 1 0 0 0 1 0 1 0 0 1 0 0 1 1 0 1 0 1 1 0 0 0 1 1 0 0 0 1 1 0 0 1 1 0 1 1
28 15 33
1 0 0 1 1 1 0 1 1 1 0 0 1 0 0 0 1 1 1 1 0 0 1 0 0 1 1 1
50 39 56
1 1 0 1 1 0 1 0 0 0 1 1 0 1 1 1 1 0 0 1 0 1 1 0 0 1 0 1 0 1 1 1 1 1 0 0 1 1 0 1 0 1 0 1 1 1 1 0 0 1
58 29 14
0 0 1 0 0 1 0 0 1 0 0 0 1 0 0 0 0 1 0 0 0 0 0 0 0 0 1 0 1 1 0 1 1 0 0 0 0 0 0 0 1 1 0 1 0 1 0 0 1 1 0 1 0 0 0 1 0 0
58 29 18
1 0 1 1 0 1 1 1 1 0 0 0 1 1 0 0 0 0 1 1 1 1 1 0 1 0 0 1 1 0 0 0 1 0 1 1 1 1 1 1 1 1 1 1 1 1 1 1 1 0 1 1 0 1 1 0 0 1
15 12 9
0 1 1 1 1 1 1 1 1 1 1 0 1 0 0
42 32 41
1 1 1 0 1 0 1 1 0 1 1 0 1 1 0 0 1 0 1 1 1 0 1 0 0 0 0 1 0 1 0 1 0 0 0 0 0 0 0 1 1 0
11 7 19
1 1 1 0 0 0 0 0 1 0 1
51 44 61
0 1 0 0 1 0 0 1 1 1 0 0 0 1 1 0 1 1 0 0 0 0 1 0 1 1 0 1 1 1 1 0 0 1 1 1 1 0 0 0 0 0 0 1 1 0 1 1 0 1 0
16 16 17
1 1 1 0 0 0 1 1 0 0 0 0 0 0 0 0
26 17 57
1 1 0 0 0 1 1 0 1 1 0 1 1 0 1 0 1 0 1 0 0 1 0 0 0 1
10 4 33
1 0 1 1 0 0 0 1 1 1
57 4 35
1 1 1 0 1 0 1 0 1 0 0 1 0 0 1 1 1 0 1 0 0 0 0 1 1 1 1 0 1 1 1 0 1 1 0 0 1 0 1 0 0 1 0 0 0 1 0 1 1 1 0 1 0 1 0 0 1
38 8 61
1 1 0 1 1 0 1 0 0 0 1 1 0 0 0 0 1 0 1 1 1 1 1 1 1 0 1 0 0 1 1 1 0 1 1 0 1 1
26 10 58
1 1 1 1 1 0 0 1 1 0 1 1 1 1 0 0 0 1 0 0 0 0 0 1 1 1
5 5 44
0 1 1 1 0
39 27 44
1 0 0 0 0 0 0 1 1 0 1 0 0 0 1 1 1 0 0 0 0 1 0 1 0 0 1 1 1 0 0 1 0 1 0 0 0 0 1
8 4 13
0 0 1 1 1 0 0 0
6 3 49
1 1 0 0 0 0
63 5 49
1 1 1 0 1 1 0 0 0 0 1 1 0 0 0 1 1 1 1 0 1 1 1 1 0 0 1 1 0 1 1 1 0 1 0 1 1 0 1 1 1 1 1 1 0 1 0 0 0 0 1 0 1 0 1 0 0 0 1 1 0 1 1
50 49 20
0 0 1 0 1 1 1 0 0 0 0 0 1 1 0 0 0 0 1 0 0 1 0 0 0 1 0 1 1 1 0 1 0 0 1 1 0 0 1 1 1 1 0 1 1 1 0 0 0 1
31 31 55
0 0 1 1 1 1 1 1 0 0 0 0 0 0 1 1 1 1 1 0 1 1 0 0 1 0 0 1 0 0 0
30 20 42
0 0 0 1 0 1 1 0 1 0 0 1 0 1 1 1 1 0 0 0 0 0 0 0 0 1 1 1 0 0
65 56 61
0 1 0 1 0 0 0 0 1 0 0 0 1 1 0 1 1 0 1 0 1 1 1 1 0 1 0 0 0 0 1 0 0 0 0 0 1 1 1 0 0 1 1 1 0 0 0 1 1 0 0 0 0 1 0 0 1 0 0 1 0 0 0 1 0
28 14 43
0 1 0 0 1 1 1 1 1 1 0 0 0 1 0 1 1 0 1 1 0 0 0 0 0 0 1 1
37 4 17
1 1 0 1 1 1 0 0 1 1 1 1 1 0 1 0 1 1 1 0 1 0 0 1 1 1 1 1 1 1 0 1 0 1 0 1 1
5 5 5
0 0 0 0 0
46 37 45
0 0 0 0 0 0 1 0 1 0 0 0 1 0 0 1 0 1 1 1 0 0 1 1 0 1 0 0 1 0 0 0 1 0 1 0 0 0 0 0 0 1 1 0 0 1
31 22 5
1 1 1 1 0 1 1 1 0 0 0 1 1 1 1 1 1 1 0 0 0 0 1 0 0 0 0 1 0 1 0
30 10 41
1 0 1 1 0 0 1 1 1 1 1 1 0 0 1 1 0 1 1 0 0 1 0 1 1 0 0 0 1 0
33 30 45
0 1 0 1 0 1 1 1 1 0 0 1 0 0 1 1 0 1 1 1 1 0 1 0 1 0 1 0 1 1 0 0 0
27 3 12
1 1 0 0 1 0 1 0 0 1 1 0 1 0 1 0 0 0 1 1 0 0 0 0 0 0 0
44 21 10
1 0 1 1 1 1 0 0 1 0 1 0 0 1 0 0 1 0 1 0 1 0 0 0 0 0 0 1 0 1 0 1 0 0 1 0 1 1 1 1 0 0 1 0
40 3 33
1 1 0 0 1 0 1 0 1 1 0 0 1 0 0 1 1 1 0 1 0 0 0 0 0 1 0 0 1 0 0 1 1 1 0 1 1 0 1 0
35 23 29
0 1 0 0 0 0 1 0 0 1 0 0 1 1 0 0 0 1 0 0 1 1 0 1 1 0 1 1 1 1 0 0 0 1 1
11 11 50
1 1 1 1 0 0 1 0 1 1 1
47 13 60
1 1 1 1 1 0 1 1 0 0 0 1 0 1 1 0 0 1 1 0 0 0 1 0 1 1 1 0 1 0 1 1 1 0 0 0 1 1 0 0 1 0 1 0 1 0 1
60 24 27
1 1 1 0 1 1 1 1 1 1 1 1 1 1 0 1 0 1 0 1 0 0 0 0 0 1 0 1 0 0 1 1 0 0 1 0 0 0 1 1 1 0 1 0 0 0 1 0 1 1 1 1 0 1 1 0 1 1 0 0
8 8 63
0 1 0 1 0 1 1 0
42 26 55
1 1 0 1 0 1 1 0 0 0 0 1 1 0 1 1 1 0 1 0 0 1 0 1 1 0 1 0 1 0 0 0 0 1 1 1 0 1 0 0 1 0
16 9 42
1 0 1 1 1 1 1 0 1 1 1 1 1 0 0 0
27 10 36
1 1 1 0 1 0 0 1 0 1 1 0 1 1 0 1 1 1 0 1 1 1 1 0 0 0 0
57 11 14
0 0 0 1 0 0 1 0 1 1 0 0 0 0 0 1 1 1 1 1 0 1 0 1 0 0 1 1 0 0 1 1 1 1 1 1 0 0 1 1 0 0 0 1 0 0 1 0 1 0 0 0 1 1 1 1 1
10 9 57
1 0 1 0 1 0 1 1 0 1
19 14 25
1 0 1 1 0 0 1 0 1 1 0 0 0 1 0 1 0 1 0
42 18 17
0 1 1 1 0 0 1 1 0 0 0 1 1 1 1 1 1 1 0 0 1 1 1 1 1 1 1 1 0 0 0 1 0 1 0 1 1 0 0 0 1 0
