70
752 299 147
0 0 1 0 0 0 0 1 1 1 0 0 0 1 1 0 1 1 0 1 1 0 1 1 1 0 1 1 0 0 0 1 1 1 1 1 1 0 0 1 1 1 1 0 0 0 0 0 0 1 1 0 0 1 0 1 1 0 0 0 1 0 0 1 1 1 0 1 0 1 0 0 0 1 0 1 1 0 0 0 0 0 1 0 0 0 0 0 0 1 0 1 0 0 0 1 1 0 0 1 0 0 1 0 0 0 1 0 1 1 1 0 0 1 0 1 0 1 0 0 1 0 0 1 1 0 0 1 0 0 0 0 0 1 1 0 0 0 1 1 1 1 0 0 1 1 0 1 1 0 1 1 1 1 0 0 0 0 0 0 1 1 0 0 1 1 1 1 0 1 0 0 0 1 0 0 1 0 1 1 1 1 1 0 1 0 0 1 1 0 0 1 0 0 1 1 0 0 0 1 0 0 0 0 0 0 1 1 0 0 0 0 1 0 0 0 1 1 1 1 0 0 0 0 0 0 0 0 0 0 0 1 0 1 0 0 1 0 1 1 1 0 0 0 1 0 1 1 1 0 1 0 0 0 1 0 1 1 1 1 0 0 1 1 0 0 1 0 0 0 1 1 0 1 1 1 1 1 1 1 0 1 1 0 1 1 1 1 1 0 0 0 0 1 1 1 0 1 1 0 0 1 1 0 1 1 0 0 1 0 0 1 1 1 0 1 0 0 0 1 1 1 0 1 0 1 1 1 1 0 1 1 1 0 0 0 0 0 0 0 1 0 1 1 0 0 0 0 1 1 1 1 0 0 0 0 1 0 0 1 1 1 1 0 1 0 1 1 1 1 1 1 1 1 0 0 1 0 1 0 0 0 1 0 0 1 0 1 1 1 0 1 1 1 1 1 1 0 1 1 0 1 1 0 0 1 1 1 1 0 0 1 1 0 0 0 1 0 0 1 1 1 0 0 1 0 0 0 0 0 1 1 0 0 0 1 0 0 1 1 1 1 1 0 0 1 1 1 0 1 1 1 0 0 1 0 1 1 1 0 0 1 0 0 1 0 1 0 1 1 1 1 1 1 1 0 1 0 0 0 0 1 0 1 0 0 1 1 1 1 1 0 1 1 1 1 0 0 1 1 0 1 1 0 1 0 1 1 1 0 1 0 1 0 1 1 1 0 0 0 1 0 1 0 0 0 0 0 0 0 0 0 0 0 1 1 0 1 0 1 0 1 0 1 0 1 0 0 0 1 1 0 1 0 0 0 0 1 1 1 1 1 1 1 1 1 0 0 1 1 1 0 1 1 1 0 1 0 0 0 0 1 0 1 0 0 1 1 1 1 1 1 1 0 1 1 0 1 1 1 0 0 1 1 1 1 0 1 0 1 0 0 1 0 1 0 0 0 0 0 1 0 1 0 1 1 0 0 1 0 0 1 1 1 1 1 0 0 0 0 0 0 0 1 1 1 0 0 1 1 0 1 1 1 1 1 1 0 0 0 0 0 1 1 1 0 1 0 0 0 1 0 0 1 0 1 1 1 1 1 0 0 1 0 0 1 1 1 1 0 1 0 0 0 1 1 1 1 1 1 1 1 1 0 0 0 1 0 1 0 0 1 0 0 1 0 0 1 0 0 1 0 0 1 0 0 1 1 1 1 0 1 0 0 1 0 0 0 0 1 0 0 0 0 1 0 1 0 1 0 0 0
1050 83 998
1 1 0 1 0 1 1 0 0 0 1 0 0 1 1 1 0 1 0 1 1 0 1 0 0 0 1 0 1 1 0 1 1 1 0 1 1 0 1 0 0 1 1 0 1 0 0 0 0 1 1 0 1 0 0 0 0 0 0 1 0 0 1 0 1 0 0 1 0 0 1 1 1 0 1 0 0 0 1 0 0 1 1 0 0 1 1 0 1 1 0 1 0 0 0 0 1 0 0 1 1 0 1 1 0 0 0 1 1 1 0 0 1 0 1 1 1 1 0 0 0 1 1 0 0 0 0 1 0 0 1 1 1 1 1 0 0 1 1 0 0 1 1 0 0 1 1 1 0 0 0 0 1 1 1 1 0 1 0 1 1 1 1 0 0 1 1 1 1 1 1 0 1 0 0 0 0 0 1 0 1 1 1 1 0 0 1 1 0 1 1 0 1 1 1 0 1 0 0 0 0 0 1 0 0 1 1 1 0 1 0 1 0 1 0 0 0 0 0 0 1 0 0 1 1 0 0 1 1 1 0 1 0 1 1 0 1 1 1 0 0 1 1 1 1 0 0 1 0 0 0 0 1 1 1 1 0 1 0 0 0 1 1 0 1 1 1 1 1 0 0 1 0 0 0 1 0 1 1 0 0 0 0 0 1 0 0 0 1 1 1 0 0 0 0 1 1 0 0 1 0 0 0 0 1 1 1 1 0 0 1 1 0 0 1 1 1 1 0 1 0 0 1 1 0 0 0 0 0 1 1 1 0 0 0 0 1 1 1 1 1 1 1 0 1 1 0 1 0 0 0 1 0 1 1 1 1 0 1 0 1 1 0 1 0 1 1 0 1 0 1 0 1 0 1 1 0 0 0 0 1 1 0 0 1 0 0 1 1 1 1 0 1 0 1 1 1 1 1 0 0 0 1 0 1 1 1 1 1 1 0 1 1 0 0 0 1 1 0 0 0 1 1 0 0 0 1 0 1 0 1 0 0 0 1 0 0 0 1 0 0 0 0 0 1 0 1 1 1 0 0 0 1 0 0 0 1 1 0 1 0 1 0 1 1 1 0 0 0 0 1 0 0 0 1 0 0 1 0 0 0 1 1 1 1 1 0 1 1 0 1 1 1 1 0 0 0 1 1 0 0 1 1 0 0 0 1 0 0 0 1 0 0 0 1 0 0 1 0 1 0 0 1 0 1 0 1 1 0 0 0 0 1 0 0 1 0 0 0 0 0 0 0 1 0 0 0 0 0 0 0 1 0 0 0 0 0 1 1 0 1 1 1 0 1 1 0 1 0 0 1 0 1 1 0 0 0 1 0 1 0 0 0 0 0 0 0 1 0 0 1 0 1 0 1 0 0 0 0 0 1 1 1 0 1 1 0 0 0 1 0 1 1 0 1 0 0 0 0 0 0 1 0 0 0 0 1 1 0 1 1 1 0 0 0 0 0 1 0 1 1 1 1 1 1 1 0 1 0 1 1 0 1 1 0 0 1 0 1 1 0 0 1 1 1 1 1 0 1 1 0 1 0 0 0 0 0 1 0 0 0 1 1 1 1 1 0 0 1 1 1 1 1 1 0 0 0 0 1 0 0 1 1 0 0 0 1 0 1 0 0 1 0 1 0 0 1 1 1 1 1 0 1 0 1 1 1 1 1 0 1 1 1 1 0 1 1 0 0 0 0 1 1 0 0 1 1 1 1 1 1 0 1 0 1 0 1 0 0 0 0 0 0 0 0 1 1 1 1 0 0 0 0 1 0 1 1 1 0 0 1 1 0 0 1 0 1 1 1 0 1 1 1 0 1 1 1 1 0 0 0 0 1 0 0 0 1 0 1 1 0 1 0 1 0 0 0 0 1 0 1 0 0 0 0 0 0 0 0 0 0 1 1 0 0 1 0 0 1 1 1 1 0 0 1 1 0 1 0 0 0 1 1 1 1 1 0 1 0 0 0 0 0 1 1 0 1 0 0 0 0 1 1 1 1 1 0 0 1 0 0 1 1 0 1 1 0 0 0 0 1 0 1 0 0 0 0 0 0 1 0 0 0 0 1 0 0 1 1 0 1 1 1 1 0 1 1 1 0 0 0 1 1 0 0 1 0 0 0 1 1 0 0 1 0 1 1 0 0 0 1 1 1 0 1 1 0 0 0 0 1 1 0 0 1 0 0 1 1 1 0 1 0 0 0 0 1 1 1 0 0 0 1 0 1 0 0 0 1 1 0 0 0 1 1 0 0 1 1 0 0 0 1 0 1 0 0 1 1 0 1 0 0 0 1 0 1 0 1 0 1 1 1 1 0 1 0 0 0 1 1 1 1 0 1 1 1 0 1 0 0 0 0 0 0 1 1 1 1 0 1 1 1 0 0 1 1 0 1 0
91 23 96
0 0 1 1 1 0 0 0 1 1 0 0 0 1 1 1 1 1 0 0 0 0 1 0 1 1 0 0 0 0 0 1 0 0 0 1 0 1 1 1 0 1 1 0 0 0 1 1 1 1 1 0 0 0 1 1 0 1 1 0 1 0 0 1 0 0 1 1 1 1 0 0 1 0 1 0 0 1 1 1 0 0 0 0 1 1 0 0 0 0 0
407 252 557
1 1 1 0 0 1 0 0 0 0 0 1 0 0 1 0 1 0 0 0 1 0 1 0 0 0 0 0 0 0 1 0 0 1 0 0 1 1 1 0 0 0 0 0 0 0 1 0 1 0 1 0 0 0 1 0 1 0 0 1 1 0 0 0 0 1 0 1 0 1 1 1 1 0 0 1 0 0 1 1 1 1 0 0 0 0 1 1 0 1 0 1 0 1 1 1 1 0 1 1 1 0 1 0 0 0 0 1 1 0 0 0 1 0 0 0 0 0 0 1 0 0 0 1 1 0 0 1 1 0 0 1 1 0 0 0 1 1 0 1 0 1 0 0 0 0 1 0 0 0 1 1 1 1 0 0 0 1 1 0 1 0 0 0 0 1 0 1 1 1 1 0 1 1 1 1 0 1 0 0 0 1 1 0 0 1 0 1 0 0 0 1 0 1 1 0 1 0 1 0 0 1 0 1 0 1 1 1 1 1 1 0 1 0 1 0 0 0 1 0 0 0 0 1 0 1 1 1 0 0 1 0 0 0 1 1 0 1 1 1 0 1 0 1 0 1 0 1 1 1 1 1 1 0 0 0 1 0 1 0 1 1 1 1 0 0 0 1 1 1 0 0 0 0 0 1 1 0 1 0 1 0 1 1 1 0 0 1 0 0 1 0 0 0 0 1 1 1 0 1 0 1 0 0 1 0 0 1 0 0 0 0 1 1 1 0 0 0 0 0 1 0 0 1 1 1 0 1 1 0 0 0 0 1 0 1 0 1 1 1 0 1 1 1 1 1 1 1 0 1 1 1 0 1 1 1 0 0 1 1 0 0 0 0 1 1 1 0 0 0 0 1 0 0 1 1 1 1 0 1 0 0 0 0 1 0 1 1 0 0 0 1 1 1 0 1 1 0 1 1 0 0 0 1 0 0 0
116 62 603
1 0 1 1 1 1 0 1 1 0 1 0 0 1 1 1 1 0 1 0 0 1 1 1 0 1 0 1 1 0 1 0 1 0 1 1 1 0 1 0 0 0 0 0 1 1 0 1 0 0 0 0 0 1 0 0 0 1 1 1 1 0 1 1 0 0 0 0 0 0 1 0 0 1 1 0 0 1 0 0 1 1 0 0 0 0 1 1 1 0 0 1 0 0 0 1 0 0 1 0 0 1 1 1 0 0 0 0 1 0 0 0 0 0 1 0
350 328 705
0 1 0 1 1 0 0 0 1 1 0 1 0 0 1 1 0 1 0 1 0 0 0 1 1 0 1 1 0 1 1 0 0 0 1 0 0 0 0 0 0 0 0 0 1 1 1 1 0 1 1 0 0 1 0 1 0 1 0 1 0 1 1 1 0 1 0 0 1 1 1 1 0 0 0 1 1 1 0 0 1 0 1 1 1 0 0 0 0 0 0 0 0 0 1 0 0 1 0 0 1 1 0 1 0 1 0 0 0 0 0 1 1 1 1 1 1 1 1 1 1 0 0 1 1 0 1 1 0 0 1 0 1 0 1 0 0 0 1 1 1 1 0 0 0 1 0 0 0 1 0 1 1 1 0 0 1 1 0 1 1 0 0 0 0 1 0 0 0 0 1 1 1 1 0 1 1 0 0 1 1 0 0 0 1 1 0 1 1 0 1 1 0 0 0 1 1 0 0 0 0 1 1 1 0 0 0 1 1 0 1 0 1 0 0 1 0 1 1 1 1 1 0 0 1 1 1 0 0 0 0 1 0 1 0 0 0 0 0 0 1 1 0 1 0 0 1 0 0 0 0 0 1 0 1 0 0 1 1 1 1 0 0 1 0 0 0 1 0 0 0 1 1 0 0 0 1 1 1 1 1 0 0 1 1 1 1 1 1 1 0 0 1 1 0 1 1 1 1 1 1 1 0 1 1 0 1 1 0 1 1 1 0 1 1 1 1 0 0 1 0 1 1 0 0 0 1 0 1 1 0 1 1 1 1 0 0 0 1 0 1 1 0 1 1 0 1 0 1 1
1070 934 915
1 1 0 1 0 0 0 1 0 0 1 0 0 1 0 0 0 1 0 1 1 0 1 1 0 0 0 0 1 1 0 1 0 0 0 1 0 1 1 1 1 1 0 1 1 0 0 0 0 0 1 1 1 1 1 1 1 1 0 0 0 0 0 0 1 1 0 0 0 0 0 1 0 1 0 1 1 1 1 0 1 0 0 0 1 1 0 0 1 1 0 0 1 0 0 0 0 1 1 0 0 0 1 0 1 0 1 0 0 1 1 1 1 1 1 0 1 1 1 1 1 0 1 1 0 0 0 0 1 0 0 0 1 0 0 1 0 1 0 0 0 0 0 0 1 0 0 1 1 0 0 1 0 0 0 1 1 1 0 1 1 0 1 1 0 0 1 1 1 1 0 0 0 1 1 0 0 0 1 1 0 1 1 1 0 0 0 0 0 1 1 1 1 1 0 1 1 0 0 0 0 1 1 1 1 0 1 0 0 1 0 1 0 0 1 1 1 1 0 0 1 0 0 0 0 0 0 0 0 0 1 0 0 1 0 1 1 1 0 1 1 1 1 0 1 1 1 1 0 1 1 0 0 1 0 1 1 0 0 0 0 0 1 1 1 1 1 0 0 0 0 1 1 1 1 0 0 1 0 0 0 1 0 1 0 0 1 1 1 1 0 0 1 0 0 0 0 0 0 1 1 1 0 1 1 0 0 1 0 0 1 1 1 1 1 1 1 0 1 0 1 0 0 1 0 0 1 0 1 0 0 1 1 0 0 0 0 0 1 0 1 1 1 0 1 1 0 1 0 0 0 0 1 0 1 0 0 1 1 1 0 0 0 0 0 0 1 0 1 1 0 0 0 0 1 1 1 0 0 0 0 1 1 0 0 0 0 1 1 0 0 0 0 1 1 0 0 1 0 1 0 0 1 1 1 1 1 1 0 1 1 0 1 0 1 1 0 1 1 0 1 1 0 1 0 1 0 0 0 1 0 0 1 0 0 0 0 0 0 1 0 0 0 1 1 0 0 1 1 0 0 0 1 1 1 0 1 0 0 1 1 1 0 1 1 1 1 1 0 1 0 1 1 1 0 1 0 0 1 1 0 1 0 1 0 0 0 1 1 1 0 1 1 0 1 0 0 1 0 0 0 0 1 1 0 0 1 1 1 0 0 1 0 1 0 0 0 0 0 0 0 0 0 0 0 0 0 1 1 1 0 1 1 0 0 0 1 1 1 0 1 0 1 1 1 0 0 0 1 0 0 1 0 1 1 1 1 0 1 0 1 0 1 0 1 1 0 0 1 0 1 0 0 1 0 0 1 1 0 1 1 1 0 1 0 0 1 1 1 0 0 1 0 0 0 1 0 0 1 0 1 0 1 0 1 0 1 1 1 0 1 1 1 1 0 0 1 1 0 0 0 0 0 1 0 1 1 1 0 0 1 1 1 1 1 1 1 1 0 0 0 1 0 1 0 0 1 1 1 0 1 0 0 0 0 0 1 0 0 0 0 1 1 1 1 1 1 1 0 0 0 1 0 0 1 0 1 1 1 0 1 0 1 0 0 0 0 1 0 1 1 0 1 1 0 0 0 1 1 0 0 0 1 1 0 1 0 0 0 1 1 1 0 1 0 1 1 0 0 1 0 1 0 0 1 0 0 1 1 0 1 0 1 1 1 1 0 0 0 1 1 0 1 1 0 0 1 1 1 1 1 0 0 1 1 1 0 1 1 1 1 0 0 0 0 0 1 1 0 0 0 0 1 0 0 1 1 0 0 0 1 1 1 0 0 1 1 1 1 1 0 0 1 1 1 1 0 0 0 1 1 1 0 1 1 0 1 0 1 1 1 1 1 0 1 0 0 1 0 0 1 0 0 0 0 0 0 1 1 1 0 1 0 0 0 0 1 1 1 0 1 1 1 1 1 1 0 0 1 0 1 1 0 1 1 0 1 0 1 1 0 1 0 1 1 1 1 1 1 1 1 1 0 1 1 0 0 1 0 0 1 1 0 1 1 1 1 1 0 1 1 0 0 1 0 1 0 0 0 0 0 0 0 1 0 1 1 0 1 0 1 0 1 0 1 0 0 0 1 1 1 0 0 0 1 0 0 0 1 1 1 1 0 1 0 1 0 0 1 0 0 1 0 0 0 1 0 1 1 0 0 0 1 1 1 1 1 0 0 0 0 0 0 1 0 1 0 0 0 1 1 1 1 0 0 0 0 1 1 0 0 0 0 1 1 0 1 1 1 1 0 1 1 1 0 1 1 0 1 0 0 1 1 1 1 1 1 1 1 1 0 1 1 0 0 1 1 0 0 1 1 0 0 0 1 1 0 1 1 0 1 0 0 1 1 0 1 0 1 1 1 0 0 0 0 0 0 0 1 0 0 0 1 1 1 0 0 0 0 1 0 0 0 0 0 0 0 1 1 1
444 238 842
1 1 1 0 0 0 0 0 0 0 0 1 1 1 1 0 1 0 0 1 1 1 0 0 1 0 1 1 0 0 0 0 1 0 0 1 0 1 0 1 0 0 0 1 1 1 1 0 0 1 0 1 1 0 0 1 0 1 0 0 0 0 0 1 1 1 0 1 0 0 0 0 0 0 1 1 0 1 1 1 1 0 0 0 0 1 0 1 1 0 0 1 1 1 1 0 1 0 1 1 1 1 1 1 0 0 1 0 1 1 0 1 1 1 1 0 1 0 0 1 1 0 0 0 1 0 0 1 1 1 1 0 1 0 0 1 0 0 0 0 1 0 0 0 1 0 1 1 1 1 1 1 0 1 1 1 1 1 1 1 0 0 1 0 1 0 0 1 1 0 0 0 1 1 1 1 0 0 0 0 0 0 1 1 1 1 1 1 0 1 0 0 1 1 0 0 1 0 0 1 1 1 0 0 1 1 0 1 0 0 1 0 1 0 0 0 1 1 0 1 0 1 1 1 0 1 0 0 1 0 1 1 0 1 1 0 1 0 0 0 1 0 0 0 0 1 1 1 0 0 1 1 0 1 0 1 1 0 0 0 1 0 0 0 1 1 1 0 0 0 1 0 1 0 0 0 1 0 1 1 0 0 1 1 0 1 1 0 1 1 0 0 1 0 1 0 1 0 1 0 1 1 0 0 1 1 0 0 1 0 0 0 1 0 0 0 0 1 1 0 1 0 0 0 1 0 0 0 0 0 0 0 0 0 1 1 0 0 1 1 1 1 1 0 0 0 0 1 0 1 0 0 1 1 1 0 0 0 0 1 0 1 0 1 1 0 0 1 0 1 0 0 1 1 1 1 0 0 0 0 0 1 1 0 1 0 0 1 0 0 0 1 0 0 1 1 1 1 0 1 0 0 0 1 1 0 0 0 0 0 1 1 0 1 1 0 0 1 0 1 0 1 0 0 1 0 1 1 0 0 0 1 1 0 0 0 0 1 0 0 0 0 1 1
694 397 850
0 1 0 0 0 1 0 0 1 1 1 1 1 1 1 0 1 1 0 0 0 1 1 1 1 0 0 0 1 1 1 0 0 0 0 1 1 1 1 1 1 1 1 0 1 1 0 0 0 0 0 0 1 0 0 0 0 1 1 1 1 0 0 1 0 1 1 0 1 0 1 0 0 1 1 0 1 0 0 1 1 0 0 1 0 1 1 0 0 1 1 1 1 1 1 0 1 1 0 1 0 0 0 1 0 1 1 0 1 0 0 0 1 0 1 1 0 1 1 1 0 1 0 0 0 1 1 0 1 1 1 1 1 0 0 0 0 0 1 1 1 0 1 0 1 1 0 1 1 1 0 0 1 0 1 0 1 0 1 0 1 1 0 0 0 1 0 0 1 1 1 1 0 1 1 0 0 1 1 0 1 1 0 1 0 0 1 0 1 1 1 0 0 1 1 0 1 0 1 1 1 0 1 0 0 1 0 1 1 1 0 0 1 1 0 0 1 1 0 1 1 0 1 0 0 0 0 0 1 1 1 0 0 1 1 1 0 0 0 0 0 0 0 1 0 1 0 1 1 0 0 1 0 1 0 1 1 1 1 1 1 0 0 0 1 0 0 0 1 1 0 1 0 0 0 0 0 1 0 0 0 1 0 0 1 0 0 1 0 0 1 1 0 0 1 1 1 1 0 1 1 0 1 1 1 1 0 0 1 1 0 1 1 0 1 1 0 1 0 1 1 1 0 1 0 1 1 1 0 0 0 0 0 0 1 0 1 1 0 1 1 1 0 1 0 1 1 1 1 0 1 0 0 1 0 1 1 0 0 1 0 0 1 1 0 0 1 0 1 1 1 1 1 0 0 0 1 0 1 0 1 0 1 0 1 1 0 1 1 1 0 0 0 1 1 0 0 1 1 0 0 0 0 0 0 1 1 0 0 1 1 0 1 1 0 1 0 1 1 0 1 0 0 0 1 1 0 0 1 0 1 1 0 0 1 1 1 0 1 0 1 1 1 0 1 1 1 1 1 1 1 1 0 1 1 1 1 1 1 1 1 0 1 1 1 0 0 1 0 0 1 1 0 0 0 1 0 1 1 1 1 0 1 1 0 0 1 0 0 0 1 0 1 0 1 0 0 0 0 1 1 1 0 1 0 1 1 1 0 0 0 0 0 1 0 0 1 1 0 0 1 0 0 1 0 0 1 1 0 0 0 1 1 1 0 1 1 1 1 0 1 0 0 0 1 0 0 0 0 1 1 1 1 1 0 0 0 0 0 1 1 0 0 1 1 1 1 0 1 0 0 1 0 0 0 0 1 1 1 1 0 0 1 1 0 0 1 1 1 1 0 0 0 0 0 0 1 0 1 0 1 0 0 1 0 0 1 1 0 1 1 0 1 1 0 1 0 0 0 0 1 0 1 0 1 0 1 0 1 0 1 1 0 0 1 0 1 0 1 1 0 0 1 0 0 1 1 0 0 1 0 1 1 1 0 0 0 1 0 0 0 1 0 1 0 1 0 0 1 0 0 0 0 1 0 1 1 0 0 0 1 0 0 1 0 0 0 1 0 1 1 1 0 0
222 102 780
1 0 0 1 0 1 1 0 1 0 1 0 0 1 1 1 1 0 0 1 0 1 1 0 1 0 1 0 0 0 0 1 0 1 1 0 0 0 0 0 0 0 1 1 1 1 0 0 0 0 1 0 1 0 1 0 1 0 0 1 1 1 0 1 0 1 1 0 1 1 1 0 0 1 0 0 0 1 0 1 0 1 0 1 0 1 1 0 1 0 1 1 1 1 0 0 0 1 0 1 1 0 0 0 0 1 0 1 0 1 1 0 0 1 1 1 0 0 1 1 1 0 1 0 1 0 0 0 1 0 1 0 0 1 1 0 1 0 0 1 1 1 1 0 1 1 0 0 1 1 0 0 1 0 0 1 0 1 0 0 0 0 1 0 1 0 0 1 1 0 0 0 0 0 1 0 0 0 1 1 1 0 1 0 1 1 0 1 0 0 0 1 1 0 0 1 1 0 0 1 0 0 0 0 0 1 1 0 0 0 0 0 1 1 0 0 0 0 0 0 1 1
47 41 348
0 0 1 0 0 1 1 1 1 0 0 1 0 1 0 0 1 0 1 0 1 1 1 0 1 0 0 0 0 0 1 0 0 0 1 1 0 0 0 1 1 0 1 1 1 1 0
675 120 550
0 0 0 1 0 0 0 0 1 0 1 1 1 1 1 1 0 0 0 0 0 0 1 0 1 1 0 1 0 1 0 0 1 1 1 1 1 0 0 0 0 1 0 1 1 0 0 1 0 1 1 1 1 0 0 1 1 1 1 1 0 1 1 1 0 0 0 0 1 0 0 0 0 1 0 0 1 0 0 0 1 0 0 1 0 0 0 1 1 1 0 0 0 0 1 0 0 1 1 1 0 0 0 0 0 1 1 1 1 1 0 1 0 1 1 1 1 1 1 0 1 1 1 1 1 1 0 1 1 1 1 1 0 0 0 1 0 0 0 1 1 1 1 1 0 0 0 1 0 1 1 1 1 1 1 0 0 1 1 0 0 1 1 1 0 0 1 0 0 0 0 0 0 1 0 0 1 0 0 1 1 0 1 1 1 1 1 1 1 0 1 1 1 0 0 1 1 1 0 1 1 1 1 1 0 1 1 0 1 1 1 1 0 1 0 0 1 0 1 1 0 0 1 1 0 1 0 0 1 1 1 0 0 0 1 1 0 1 1 0 1 1 0 1 1 1 0 1 0 0 0 1 0 0 1 0 1 1 1 0 0 0 0 0 1 0 1 0 0 1 0 1 0 1 0 1 1 0 0 0 0 0 0 1 0 1 1 1 0 1 1 1 1 1 0 1 0 1 1 0 0 1 0 1 0 0 1 0 0 0 1 1 1 0 1 1 0 1 0 0 1 1 1 0 1 1 1 0 0 0 1 1 0 1 0 1 1 0 1 0 1 0 1 1 0 0 0 0 0 1 0 1 1 1 0 0 0 0 0 0 1 1 1 0 0 0 1 1 0 0 1 0 1 1 0 1 0 0 0 1 1 1 0 0 0 0 0 1 1 1 0 1 0 0 1 0 0 0 1 1 0 0 0 1 0 1 0 0 1 0 1 0 0 1 1 1 1 1 0 1 0 1 1 1 0 0 1 1 1 0 1 0 1 0 0 1 0 0 0 1 0 0 1 1 1 0 1 0 1 0 0 1 1 0 1 1 1 0 0 0 1 1 1 1 1 0 1 0 0 1 1 1 1 1 1 1 0 1 0 0 0 1 0 0 1 0 1 1 1 0 0 1 0 1 1 0 1 0 0 1 0 1 1 1 0 1 0 0 0 1 1 1 0 1 1 0 1 1 0 0 1 0 0 0 1 0 0 1 0 0 0 0 0 0 1 1 0 1 0 1 0 1 0 0 1 0 0 1 1 0 0 1 0 1 1 1 1 1 1 1 0 1 1 1 0 0 0 0 0 0 1 1 0 0 0 1 0 1 0 0 1 0 1 1 0 0 1 0 0 0 1 1 1 1 1 0 0 0 0 0 1 0 0 0 0 1 0 0 0 1 1 0 1 1 0 1 1 1 0 1 1 0 1 1 0 0 1 1 0 1 1 1 1 1 0 0 1 0 1 1 1 0 1 1 1 0 0 0 1 0 0 1 1 0 0 1 0 1 1 0 1 1 1 0 0 1 1 0 1 0 0 0 0 0 0
609 150 956
1 1 1 0 0 0 0 1 1 0 1 1 0 0 1 0 1 0 0 1 1 1 1 1 0 1 0 0 1 1 0 1 1 0 0 0 1 0 0 0 0 1 1 0 1 1 1 1 0 1 0 0 1 1 0 1 0 1 1 1 1 0 0 1 1 1 1 0 1 0 1 0 0 0 1 1 1 0 0 1 0 0 1 0 0 0 0 1 0 0 1 1 0 0 1 0 0 1 0 0 1 1 0 0 1 1 0 0 1 0 0 0 0 1 1 0 0 1 1 0 0 1 0 0 1 0 0 1 0 0 1 1 0 1 0 0 1 1 0 1 0 1 1 0 1 0 1 1 0 1 0 0 1 0 1 1 0 0 0 1 1 1 1 0 0 1 1 0 1 1 0 0 1 1 0 0 1 0 1 1 0 0 0 0 1 1 1 0 1 0 1 0 0 1 1 0 1 0 0 1 0 1 0 1 0 0 1 1 0 0 1 0 0 0 1 0 1 0 0 0 0 1 1 1 0 0 1 0 0 0 1 1 0 1 0 0 1 1 0 1 0 1 0 1 1 0 1 0 0 1 1 0 1 0 1 0 1 0 1 1 1 1 0 1 0 0 1 0 1 1 1 0 0 1 1 0 0 1 1 1 0 0 1 1 0 0 0 1 1 0 0 0 0 1 1 0 0 1 0 1 1 1 0 1 1 0 1 1 1 1 0 0 1 0 0 0 0 0 0 0 1 1 0 1 1 1 0 0 0 0 1 1 1 1 1 1 1 0 1 0 0 0 0 1 0 1 0 0 1 1 1 1 0 1 0 1 0 0 1 1 1 1 0 1 1 1 1 0 1 0 0 1 0 1 1 0 1 0 0 0 1 0 0 0 0 0 1 0 1 0 1 1 0 1 0 0 0 0 0 0 0 1 1 0 0 0 0 0 0 0 0 0 1 1 0 0 1 0 1 0 1 0 0 1 1 1 0 0 0 0 1 0 0 1 0 0 0 0 0 0 1 1 0 0 0 1 1 1 0 0 0 0 0 0 1 0 0 1 0 0 0 0 1 0 1 0 0 1 0 0 1 1 0 1 0 1 0 0 0 0 0 1 1 1 1 0 0 1 1 1 0 0 1 1 0 1 1 1 1 0 0 1 1 1 1 0 0 0 0 0 1 1 1 0 1 1 1 0 1 0 0 0 1 0 1 1 0 0 1 1 1 0 0 0 1 0 1 1 0 1 0 0 0 0 1 1 0 0 0 0 0 1 1 1 0 0 0 0 0 1 0 0 1 1 0 0 0 0 1 1 1 0 0 1 0 1 1 0 0 1 0 0 1 1 1 0 1 0 1 0 0 0 0 1 0 1 0 0 0 0 1 0 1 0 0 1 0 0 0
827 399 344
1 1 0 0 0 1 0 0 1 0 1 0 0 0 0 0 1 0 1 1 1 1 1 1 0 0 0 1 0 1 0 0 0 1 0 1 0 1 0 1 0 1 0 0 1 1 0 1 0 0 0 1 0 1 1 0 0 1 0 1 1 0 0 0 0 0 1 1 0 1 0 1 0 0 0 0 1 0 0 1 1 1 0 0 0 0 1 0 1 1 0 0 0 0 0 0 0 1 1 0 1 1 0 0 0 1 0 0 0 1 0 0 1 0 1 1 0 0 1 1 1 0 0 1 0 1 0 1 0 1 1 0 1 1 0 1 1 0 1 1 0 0 0 1 0 1 1 1 1 1 1 1 1 0 0 0 1 1 0 1 0 0 0 0 0 0 1 1 1 0 1 0 0 0 0 1 0 0 1 0 1 0 1 1 1 0 1 1 1 1 1 0 1 1 0 0 1 1 0 0 0 1 1 1 1 1 0 0 0 0 1 1 0 0 0 0 1 1 1 0 1 0 0 1 1 0 0 0 1 0 1 1 1 0 0 0 1 1 1 0 1 0 0 0 1 1 0 0 0 1 0 1 0 0 1 1 1 1 1 0 0 1 0 0 0 1 0 1 1 1 1 0 1 0 1 1 0 0 0 1 1 1 1 0 0 1 0 0 1 0 1 0 1 1 0 1 0 1 1 0 0 0 0 0 0 0 0 1 1 0 0 0 1 1 1 0 1 0 0 0 1 1 0 0 0 1 0 0 0 1 0 1 0 0 1 0 1 1 1 1 0 1 1 1 0 1 0 1 0 1 1 0 1 0 0 1 1 1 0 1 1 0 1 0 1 0 1 0 1 1 1 1 1 1 0 1 0 0 0 1 0 0 0 1 1 0 0 1 0 1 0 0 0 1 1 0 1 0 0 0 0 1 1 1 0 0 0 1 1 1 0 1 1 1 0 1 1 1 1 1 1 0 0 0 0 1 1 0 1 0 1 0 0 0 0 1 0 1 0 0 0 0 1 0 1 0 1 0 0 0 1 0 0 1 0 1 0 0 0 0 0 1 0 1 0 0 1 1 1 1 1 1 0 1 1 0 1 1 1 1 0 1 1 0 0 0 0 1 0 1 1 0 0 0 1 1 1 1 1 1 0 0 1 1 1 1 1 0 0 1 1 1 0 0 1 1 1 1 0 1 0 1 1 1 0 1 1 1 1 0 1 0 0 1 1 1 0 1 1 1 0 1 0 0 1 0 1 0 1 1 1 0 1 0 1 0 1 0 1 1 1 0 1 0 1 1 0 1 1 0 1 1 1 1 0 1 1 0 1 0 1 1 0 0 0 0 1 1 1 1 0 1 1 1 1 1 1 0 0 1 0 1 0 0 0 1 1 0 0 1 1 1 0 1 1 0 1 0 1 0 0 0 0 1 1 1 0 0 1 0 1 0 0 1 1 0 0 0 0 1 0 1 1 1 0 1 0 0 0 0 0 0 0 1 1 1 0 1 1 0 0 1 1 1 0 1 0 0 1 0 1 1 0 0 0 0 1 0 0 0 0 0 0 0 0 1 1 1 1 0 0 1 0 0 1 0 1 1 1 1 1 0 0 1 1 0 0 1 0 1 0 0 1 0 0 0 1 0 1 0 0 0 1 1 1 0 0 1 1 0 1 1 1 1 1 1 0 0 0 1 0 0 0 0 0 0 1 0 1 0 0 0 1 1 1 1 0 1 0 1 0 0 1 1 0 1 0 1 1 1 0 1 1 1 1 0 0 0 1 1 1 0 0 0 1 0 1 0 1 0 0 0 0 1 0 0 0 0 1 0 0 1 0 1 0 1 1 1 1 1 0 0 1 1 0 1 1 0 1 0 0 0 1 1 0 0 1
887 589 899
1 1 0 1 0 1 1 1 0 1 1 1 0 1 1 1 0 1 1 1 1 0 1 1 1 1 1 0 1 1 0 0 1 0 1 1 0 0 0 1 1 0 1 1 0 0 1 1 0 0 1 1 0 0 0 1 0 0 1 1 1 1 0 0 1 1 0 1 0 0 0 1 1 1 0 0 1 0 1 1 1 0 0 1 1 0 1 0 0 0 1 1 1 1 1 0 1 1 1 1 1 0 0 0 0 1 0 0 0 0 1 1 0 0 1 0 0 1 1 1 0 0 1 1 0 0 1 1 0 1 1 1 1 1 1 1 0 0 1 1 1 0 0 0 0 1 1 0 1 0 0 1 1 1 1 0 0 0 1 0 0 1 1 1 0 1 1 0 0 1 0 0 0 0 0 1 0 1 1 1 1 1 1 0 0 1 1 0 1 0 0 0 0 1 0 0 1 0 0 1 1 0 0 1 0 1 0 1 1 1 0 0 0 0 1 1 1 0 1 1 0 1 0 0 1 0 1 0 1 1 0 1 1 1 1 0 1 0 0 1 0 0 1 1 1 1 0 1 0 1 1 0 0 0 1 0 1 1 1 0 0 0 0 1 0 0 1 1 0 1 0 0 1 0 0 0 1 0 0 0 0 0 0 0 1 0 0 0 0 1 0 0 1 1 1 1 1 1 1 0 0 0 0 1 1 1 0 1 0 1 0 0 1 0 0 1 1 0 0 1 1 1 1 0 1 0 1 1 1 0 0 1 1 0 0 0 0 0 1 0 0 1 1 1 0 0 1 0 1 0 1 1 1 0 1 1 0 1 0 0 0 0 0 1 1 0 0 0 0 1 1 1 0 0 1 0 1 1 0 1 0 1 1 1 0 1 0 0 0 0 1 1 0 1 1 0 0 0 1 1 0 0 1 1 1 0 0 0 0 0 0 0 0 1 1 0 0 0 0 0 1 0 1 0 0 1 0 1 1 0 1 1 1 1 0 1 1 0 0 0 1 0 1 0 0 1 0 0 0 1 0 1 0 1 0 1 1 1 1 1 1 1 1 1 1 0 0 1 0 1 0 0 0 0 0 0 0 1 0 1 0 1 0 1 0 0 1 1 1 0 0 0 1 0 1 0 1 1 1 1 1 1 1 0 1 0 1 0 0 1 1 0 0 1 0 0 1 0 0 1 0 0 1 0 1 1 1 0 1 1 0 0 1 0 0 1 1 0 0 0 1 1 0 0 0 1 0 1 0 1 1 1 1 0 0 1 1 0 1 0 1 0 0 1 0 1 1 1 0 1 1 1 0 1 0 1 0 0 0 1 1 1 1 1 1 0 1 0 0 0 1 0 1 1 1 0 0 1 0 1 1 0 0 0 1 1 1 1 0 0 0 0 0 1 1 1 0 0 1 0 0 1 1 0 1 1 1 1 0 0 0 1 0 1 1 0 0 0 1 0 1 1 1 1 1 1 0 1 0 0 1 0 0 0 0 1 1 0 1 1 1 1 1 1 1 0 1 0 1 0 1 1 0 0 1 0 0 0 1 1 0 0 1 0 1 0 0 0 0 0 0 1 1 0 0 1 0 0 0 1 0 0 0 1 1 0 1 1 1 1 1 1 1 0 1 0 1 1 0 0 0 1 0 1 0 1 0 1 1 1 0 0 1 0 0 1 0 1 0 0 1 1 1 0 1 1 0 1 0 1 0 1 1 0 1 1 1 1 1 1 0 0 0 1 1 0 1 1 0 1 0 1 0 1 1 1 0 1 1 1 0 1 0 1 0 0 0 0 1 1 1 0 0 0 1 1 0 0 0 1 1 1 1 0 1 0 0 0 1 0 0 1 0 0 0 0 0 1 0 0 0 1 1 0 1 1 1 0 0 0 0 0 0 0 1 0 0 1 0 1 1 1 1 0 1 0 0 1 1 0 1 0 0 1 1 0 0 1 1 0 0 0 1 0 0 0 1 1 1 0 1 1 0 1 1 0 0 1 0 1 0 0 0 1 0 1 0
955 809 940
0 0 1 1 1 0 1 1 0 0 0 1 0 1 0 0 0 1 1 0 1 0 1 1 1 1 1 1 1 0 1 0 0 1 1 1 1 1 1 0 0 1 1 1 0 1 0 1 1 1 0 0 1 0 0 1 0 0 1 1 1 0 1 0 1 1 0 1 0 1 1 0 0 0 0 0 1 1 1 0 1 1 0 1 1 0 0 0 0 1 0 0 1 0 0 1 1 0 1 1 0 0 0 1 1 0 0 1 0 0 1 1 0 0 1 1 1 1 0 1 0 1 1 0 0 0 1 0 1 1 1 1 1 1 0 1 1 0 1 1 1 1 0 0 0 1 0 1 1 1 1 1 0 0 1 1 1 1 1 1 0 1 0 0 0 1 1 1 0 1 1 0 0 0 1 1 0 0 0 0 1 1 1 1 0 0 0 0 0 1 0 1 0 0 0 1 0 0 0 0 1 1 1 0 0 1 1 0 1 1 1 0 1 1 0 1 1 0 0 0 1 1 1 1 0 0 0 1 1 0 1 0 0 0 0 0 0 1 0 0 1 1 1 1 1 1 0 1 0 1 0 1 1 1 1 0 0 0 1 0 1 0 0 1 1 0 0 0 1 1 1 1 0 0 0 0 0 1 0 0 1 1 0 1 0 1 0 1 0 1 1 0 1 0 1 0 0 0 0 0 0 1 0 1 1 1 1 0 0 1 1 0 0 0 1 1 1 1 0 1 1 1 1 1 0 0 0 0 1 1 1 0 0 1 1 1 1 0 1 1 0 1 1 0 0 1 0 0 1 1 1 1 0 1 1 0 0 0 1 1 0 1 1 0 0 0 1 0 0 0 1 1 0 0 1 0 0 1 1 0 0 1 0 1 0 1 1 0 1 0 1 0 0 1 0 0 0 1 1 0 0 0 1 1 0 0 1 0 1 0 0 0 0 0 0 1 1 1 0 1 0 0 1 1 1 1 0 1 1 0 1 0 0 1 1 0 0 1 1 0 0 0 1 0 0 0 1 0 1 0 1 0 0 1 1 0 0 1 0 1 1 1 1 0 0 0 0 0 0 0 0 0 0 0 0 0 0 0 0 1 0 1 0 0 1 0 1 0 0 1 1 1 0 1 0 0 1 0 0 1 0 0 1 0 0 0 1 1 0 0 0 0 1 0 1 1 1 1 0 0 1 1 1 0 1 1 1 0 0 1 0 0 1 1 1 1 0 1 0 0 0 0 1 1 1 1 0 1 1 0 0 0 1 1 1 0 1 1 0 0 0 0 1 0 1 0 1 1 1 0 0 0 0 0 1 1 0 1 1 0 0 0 0 0 0 0 1 1 0 0 1 0 0 0 1 1 1 1 0 1 1 0 0 0 0 0 1 0 1 1 0 1 0 1 1 1 1 0 1 0 1 0 1 1 1 1 0 1 1 0 1 0 0 0 0 1 1 0 1 1 0 0 0 1 1 0 1 0 1 1 1 1 0 1 1 1 0 1 1 1 1 0 0 0 1 1 0 0 0 1 1 1 1 1 1 0 0 0 0 1 1 0 1 0 1 0 1 0 1 1 0 0 1 0 0 1 1 0 1 1 1 1 1 0 0 1 1 1 0 1 1 0 1 0 1 1 1 0 1 1 0 1 1 0 1 1 1 1 0 1 0 1 0 1 1 0 1 1 1 1 1 1 1 0 1 1 0 0 1 1 0 1 0 1 0 1 1 0 1 1 0 0 1 0 0 1 1 0 0 1 0 0 1 1 0 0 0 0 0 1 1 1 1 0 0 1 1 0 0 0 1 0 0 0 0 0 1 1 0 1 0 0 0 0 1 1 0 0 0 0 0 1 1 1 0 1 0 1 0 0 0 0 0 0 1 0 0 0 0 1 0 1 1 0 1 1 0 0 0 0 0 1 0 1 1 0 1 0 0 1 0 1 0 0 0 0 1 0 0 1 0 1 0 0 1 1 0 0 0 1 0 1 0 1 0 1 1 0 1 1 1 0 1 1 0 1 0 1 0 0 0 1 1 1 0 1 1 0 0 0 1 1 0 0 0 0 1 1 1 1 1 0 1 0 0 1 0 1 0 1 1 1 0 0 1 0 0 0 0 0 1 1 0 1 0 0 0 1 0 0 0 0 1 1 1 0 0 0 0 0 0 0 1 0 1
422 128 554
0 1 0 1 0 0 0 0 0 0 0 1 0 0 0 0 1 0 0 1 1 0 0 1 0 1 0 1 0 1 1 0 0 0 0 1 1 1 1 1 0 1 0 0 1 0 1 1 0 0 0 1 1 1 0 1 0 0 0 0 1 0 1 0 0 1 0 1 0 0 1 0 1 0 1 1 1 1 0 1 1 1 1 0 1 0 1 0 0 1 0 0 0 1 1 0 1 0 0 0 0 1 1 1 0 1 1 0 0 1 0 1 0 1 0 1 1 0 1 1 1 0 1 1 0 0 1 0 1 0 0 0 0 0 0 1 1 0 1 1 1 0 1 0 1 1 0 0 1 1 1 0 1 1 1 0 1 1 1 0 1 0 0 1 0 1 0 0 0 0 0 0 1 0 0 0 1 0 1 1 1 1 1 1 0 0 1 0 0 1 0 0 0 0 0 0 0 1 1 1 0 0 0 1 0 0 1 1 1 0 1 0 1 1 1 1 1 0 1 1 0 1 0 1 0 0 1 0 1 0 0 1 1 0 1 0 1 1 0 0 1 0 1 1 1 1 1 1 1 1 1 1 1 0 0 1 1 1 1 1 0 1 0 0 0 1 0 0 1 0 0 0 1 0 0 0 0 0 1 0 0 0 0 1 1 1 1 1 1 1 0 0 0 0 1 0 0 1 1 1 0 1 0 1 1 0 0 0 0 1 1 0 1 0 1 0 1 1 1 0 1 1 1 1 0 1 1 0 1 0 0 1 0 0 0 1 1 0 1 1 0 0 0 1 0 1 0 0 0 1 0 0 0 0 1 0 1 0 1 1 1 1 1 1 1 0 0 1 1 0 0 0 1 1 0 1 1 1 1 1 0 1 1 1 0 0 0 0 0 1 0 1 1 1 0 0 0 1 0 0 1 0 1 0 1 1 0 1 1 0 1 0 1 0 1 1 0 1 1 0 1 0
447 338 829
0 1 0 0 0 0 0 0 1 1 1 0 1 0 0 1 1 1 0 0 0 0 1 1 0 1 0 1 0 1 0 0 0 1 0 1 0 0 1 1 1 1 1 1 1 0 0 0 1 1 1 0 1 0 0 1 0 0 0 0 1 0 0 1 0 0 1 0 1 1 0 0 0 0 1 0 1 0 1 0 0 1 1 1 0 0 0 0 1 0 1 0 0 0 1 0 1 1 1 1 1 1 0 1 1 1 1 1 1 0 0 1 1 0 1 1 0 0 0 0 1 1 0 0 1 1 0 1 1 1 0 0 1 0 1 1 1 1 1 0 1 0 0 1 1 1 0 1 1 0 1 0 1 0 0 1 0 1 1 0 0 0 0 1 1 1 1 1 0 1 1 1 1 1 1 1 0 1 0 0 0 0 1 1 0 0 0 1 0 1 0 1 1 0 0 0 1 1 1 1 1 1 1 0 1 1 0 0 0 1 1 0 1 0 0 1 0 1 1 0 0 0 0 0 1 1 1 1 1 0 0 0 0 1 1 0 0 1 1 0 1 0 0 1 0 0 0 1 1 0 0 1 1 0 1 1 0 0 1 1 1 0 0 0 1 0 0 1 1 1 0 0 0 1 1 0 0 1 0 0 0 1 1 1 1 1 0 1 0 0 1 0 1 0 1 1 0 1 0 0 0 1 1 0 0 0 1 0 0 1 1 0 1 0 1 0 0 0 0 1 0 1 1 1 0 1 0 0 1 0 0 0 1 1 0 0 0 0 1 1 0 1 1 1 0 0 0 1 0 0 1 1 1 0 1 0 0 1 0 0 0 1 1 1 1 1 1 1 0 1 1 1 0 0 1 1 1 0 0 0 0 1 1 1 1 0 1 1 0 1 1 1 0 1 1 1 1 1 1 0 0 1 1 1 1 0 0 1 0 1 0 1 1 1 1 0 0 1 1 1 1 1 1 1 1 0 0 1 1 0 0 0 1 1 1 0 0 1 0 0 1 1 1 1 1 1 0
841 614 1113
1 1 1 1 1 1 1 1 0 1 1 0 0 0 1 0 1 0 0 0 1 1 1 0 1 1 1 0 0 0 1 1 0 0 0 0 0 0 1 1 0 1 0 1 0 1 1 0 1 1 1 0 1 0 1 0 0 1 0 0 1 1 0 1 0 0 1 1 0 0 0 0 1 1 1 0 1 0 1 1 1 0 1 1 1 1 1 0 1 1 0 1 0 1 1 1 1 1 1 1 1 1 0 0 0 1 0 0 1 1 1 0 0 1 0 1 0 1 1 1 1 1 1 0 1 0 0 1 0 1 0 0 0 0 0 0 1 1 1 1 1 1 1 0 1 1 1 0 0 0 0 1 0 1 1 0 0 1 1 1 0 1 0 0 0 0 0 1 0 0 1 0 1 0 1 1 0 1 1 1 0 1 0 1 0 1 1 1 1 1 1 1 1 0 1 1 1 1 0 1 0 0 1 0 1 0 1 1 1 1 0 1 1 0 0 1 0 0 0 1 0 0 1 0 0 0 0 0 1 1 0 0 1 0 1 1 0 0 0 1 1 1 0 1 1 1 1 1 1 0 0 1 1 0 1 0 0 0 0 0 1 1 0 1 0 1 1 1 1 1 0 0 1 0 0 1 0 0 1 1 1 1 0 0 1 0 1 0 1 1 0 1 0 0 0 1 0 1 0 0 0 1 0 0 1 1 1 1 0 1 0 1 1 0 1 0 1 0 0 1 1 1 0 1 0 0 1 0 1 0 1 1 1 1 1 1 1 1 1 0 0 0 1 1 1 0 1 1 1 0 1 1 0 0 0 1 1 1 1 0 1 1 0 1 0 1 1 0 0 1 1 0 1 0 1 0 1 1 0 0 1 0 0 0 1 0 1 0 0 0 0 0 0 0 1 0 1 1 0 0 1 0 1 0 1 1 0 0 0 1 0 0 0 0 1 0 1 0 1 0 0 0 1 1 1 1 1 1 0 1 0 1 0 1 1 1 1 0 0 1 1 1 0 1 0 0 1 0 0 1 1 0 1 1 1 1 1 0 1 1 0 1 0 0 1 0 0 1 0 1 0 0 0 0 1 1 0 1 1 1 1 1 0 0 1 1 0 0 0 1 1 0 1 1 1 1 1 1 1 0 0 0 1 0 1 0 1 1 1 0 1 0 0 1 0 0 1 1 1 1 1 0 1 0 1 0 1 0 0 1 0 1 1 1 1 1 0 1 1 0 1 1 1 1 1 1 1 1 0 0 0 0 1 0 0 1 1 0 1 0 1 1 1 1 1 0 0 0 1 0 1 0 0 0 0 0 0 1 0 0 0 0 1 1 0 1 1 0 0 1 0 0 1 1 0 0 1 1 1 1 0 0 1 1 1 0 1 0 1 1 1 0 1 1 0 0 0 0 0 0 0 0 0 0 0 1 1 0 0 1 0 0 1 1 1 0 0 1 0 1 0 1 0 1 0 0 1 1 0 0 1 1 0 0 1 0 0 0 0 1 0 0 1 1 1 0 1 0 0 0 1 0 0 1 1 1 0 0 0 0 0 1 1 0 0 1 0 1 0 1 0 0 0 1 0 0 1 1 1 1 0 0 0 1 1 0 0 0 1 1 0 0 0 1 1 0 0 0 1 0 1 0 1 0 1 1 1 1 1 0 0 1 1 1 1 0 1 0 1 1 1 1 1 0 0 1 1 1 1 1 0 1 1 1 1 0 1 0 0 1 0 0 0 1 0 1 0 1 1 1 1 1 1 1 1 0 0 1 1 1 0 0 1 0 0 1 1 0 0 0 0 0 0 0 0 0 0 1 1 0 0 0 0 0 0 0 1 0 0 1 0 0 0 0 0 1 1 1 0 0 0 1 0 0 1 0 0 0 0 0 1 1 0 0 1 0 0 0 0 1 1
698 215 134
0 0 1 0 1 1 0 1 0 0 0 0 0 0 0 1 0 0 1 1 0 1 1 0 1 1 0 0 1 1 0 1 1 1 1 1 0 1 1 1 1 0 0 1 0 0 0 0 0 1 1 0 1 0 0 1 0 0 0 1 1 1 1 0 0 1 0 0 0 0 0 1 1 1 1 1 1 0 0 0 1 0 0 1 0 0 0 1 0 0 0 0 0 0 1 1 1 0 1 0 0 0 0 0 1 0 1 1 1 0 0 1 1 1 0 1 0 1 0 1 1 1 0 0 0 0 0 1 1 0 0 0 1 0 1 0 0 0 1 0 1 1 1 1 1 0 1 0 0 1 0 1 1 0 0 1 1 0 1 0 0 0 0 0 1 1 0 1 0 1 0 0 0 1 1 1 0 1 0 0 0 0 1 1 1 1 0 0 0 1 1 0 0 1 0 1 0 1 1 0 1 1 0 1 0 0 1 1 0 0 0 1 1 1 0 0 0 0 0 0 1 1 0 1 0 1 1 1 1 0 0 1 0 0 1 1 0 1 1 0 1 1 1 0 1 1 0 1 0 0 1 1 0 0 0 0 1 1 0 0 0 1 0 1 1 1 0 1 0 1 1 1 0 1 1 0 1 0 0 1 1 0 1 1 1 1 0 0 1 1 0 1 0 1 0 1 0 1 0 0 0 0 1 0 0 1 1 0 1 1 1 1 0 0 0 1 0 0 1 1 1 1 1 1 0 0 0 0 1 0 1 0 1 0 1 1 1 1 0 0 1 1 0 0 0 0 1 0 1 0 1 0 1 0 0 0 1 0 0 1 0 1 1 0 0 0 1 1 1 1 0 0 1 1 1 1 1 1 1 0 1 0 0 0 1 1 0 0 0 0 0 1 1 1 1 0 1 1 0 1 0 0 1 1 1 0 0 0 1 0 0 1 0 1 1 1 0 1 1 0 0 1 0 1 1 0 0 0 0 1 0 1 1 0 0 1 1 1 0 0 1 1 1 0 1 0 1 1 1 1 1 1 0 1 0 1 0 0 0 1 0 1 1 1 1 0 0 1 0 0 1 1 0 0 0 0 1 0 0 0 1 0 0 1 0 0 1 1 1 0 1 0 0 1 0 0 1 1 1 0 0 0 0 1 0 0 1 1 0 1 0 1 0 1 1 0 0 1 1 0 0 0 0 0 0 1 0 1 1 1 1 0 1 1 0 1 1 0 0 1 0 0 0 1 0 0 1 1 1 1 0 0 1 0 1 1 0 0 1 0 1 0 1 1 0 0 1 0 0 0 1 1 0 0 1 0 1 0 1 1 0 0 1 0 0 0 0 1 0 1 0 1 0 1 0 1 0 1 1 0 0 0 0 1 0 1 1 1 0 1 1 0 1 0 1 1 1 0 1 0 0 0 0 1 0 1 0 1 1 0 0 0 1 1 0 0 0 1 0 1 0 1 1 0 0 0 0 1 0 0 0 1 0 1 1 1 0 0 1 0 0 1 1 0 1 0 1 1 0 1 1 0 1 1 0 0 0 1 0 0 0 1 1 1 1 1 1 1 1 0 0 0 1 0 1 0 1 1
18 18 651
1 1 0 1 0 0 1 0 1 0 1 1 1 1 0 1 1 0
1078 342 882
0 0 0 1 1 1 0 0 1 1 0 0 0 1 1 0 0 1 0 0 1 0 0 1 1 1 0 0 1 0 0 0 1 1 1 1 1 0 0 0 0 0 1 1 0 0 0 0 0 1 0 1 1 1 1 1 1 0 1 1 1 1 1 0 1 1 0 0 1 1 1 0 0 1 1 1 0 0 0 0 0 1 1 1 1 0 0 1 1 1 1 1 0 0 1 0 1 0 1 0 0 0 0 0 0 0 1 1 1 1 0 0 0 1 1 0 1 1 1 1 0 0 0 1 1 1 0 0 0 1 1 0 0 1 0 0 0 1 0 0 1 0 0 0 0 0 1 0 1 0 0 1 0 1 0 1 1 1 0 0 0 0 0 1 0 0 1 1 0 1 0 1 0 0 0 0 0 1 0 0 0 0 1 1 0 0 0 0 0 1 0 1 0 1 1 1 1 1 1 0 0 1 1 0 1 1 0 0 1 0 0 1 1 0 1 0 1 0 1 0 0 1 0 0 0 0 0 1 1 1 1 1 0 1 1 1 1 1 0 1 1 1 1 1 0 0 0 0 1 1 1 1 1 1 0 1 0 1 1 0 0 0 0 0 0 1 1 1 0 0 0 1 1 1 0 0 1 0 1 0 0 1 0 0 0 0 0 0 1 0 1 0 1 0 0 0 1 0 0 0 0 1 1 0 0 1 0 1 0 1 0 1 1 1 1 0 0 1 0 0 0 0 1 1 0 0 1 0 1 0 1 1 0 1 1 1 0 1 1 0 1 1 1 1 1 0 1 1 1 0 0 1 1 1 0 1 1 1 0 1 0 0 0 1 1 0 0 1 1 1 1 0 0 1 0 0 0 0 0 1 0 1 1 0 0 0 0 1 0 1 0 0 1 1 1 0 1 1 1 0 1 1 1 0 0 0 1 0 0 0 1 1 1 1 0 0 0 0 1 0 1 1 1 0 1 1 1 0 0 1 1 1 1 1 0 0 1 0 0 0 0 0 0 0 0 1 1 1 0 1 1 0 0 1 0 0 0 0 0 1 1 0 0 0 0 1 0 0 1 1 0 1 1 0 1 0 1 1 0 1 0 1 1 0 0 1 1 0 1 1 1 0 1 0 1 1 0 1 1 0 1 0 1 1 1 0 1 0 0 1 0 1 0 0 0 0 1 0 0 0 0 1 1 0 0 1 0 1 0 0 0 0 0 1 0 1 0 0 1 0 1 0 1 0 1 1 0 0 0 1 0 1 1 0 0 0 0 0 1 1 1 1 0 0 0 0 1 0 1 0 1 0 1 1 0 0 0 1 0 0 0 0 0 0 0 0 0 0 0 0 1 0 1 0 1 0 1 1 0 0 0 1 1 1 0 0 0 1 1 0 0 0 1 1 0 1 1 0 1 0 1 1 1 0 0 0 1 1 0 0 1 1 1 1 0 0 1 1 1 0 0 1 0 0 1 0 0 0 0 1 0 1 1 0 0 1 1 1 1 0 0 1 0 1 0 0 1 1 0 1 1 1 1 1 0 1 1 1 1 0 0 1 0 1 0 0 1 1 0 1 1 1 1 1 1 1 1 1 0 0 1 1 1 0 0 0 0 1 0 0 0 0 1 0 0 1 1 1 1 1 1 1 0 0 0 0 1 0 0 1 1 0 0 0 1 1 1 0 0 1 0 0 1 0 1 1 0 0 0 1 1 0 0 0 1 0 1 1 0 0 0 0 0 0 1 1 0 0 0 0 1 1 1 1 0 1 1 0 0 0 0 0 1 0 1 0 0 0 0 1 1 0 0 1 1 1 0 1 1 1 0 0 1 1 1 1 0 1 0 0 1 1 0 1 0 0 0 1 1 0 0 0 0 1 0 1 0 1 0 1 1 1 0 0 1 1 1 1 0 0 0 0 1 1 0 1 0 0 0 0 0 0 0 0 1 1 0 0 0 0 1 1 1 1 0 0 1 1 0 0 0 1 0 1 1 1 0 0 1 0 1 0 1 1 1 0 0 0 1 0 1 0 0 1 0 1 1 0 1 1 1 0 0 1 0 0 1 0 1 1 0 1 0 1 0 0 0 1 1 1 1 1 1 0 1 0 1 1 1 0 0 0 0 1 1 0 0 0 0 1 0 1 0 0 1 1 1 1 0 1 0 0 1 0 1 1 0 1 0 0 0 1 1 0 1 0 0 0 0 0 1 0 1 0 1 0 0 1 1 0 0 0 0 1 0 0 0 1 1 0 1 0 1 1 1 1 1 0 1 0 0 0 1 1 0 0 0 0 1 0 1 0 0 1 1 0 0 1 0 0 0 1 1 0 1 1 0 0 0 1 0 1 0 0 1 1 0 1 1 1 0 0 1 0 1 0 0 1 1 0 1 1 1 1 0 1 0 0 0 0 1 0 0 1 1 1 0 0 0 0 0 0 1 1 1 0 1 1
1019 337 1004
1 0 1 1 1 1 1 0 0 1 1 1 1 0 0 1 0 0 1 1 0 0 1 1 0 0 0 0 0 1 0 0 0 0 0 0 1 1 0 0 1 0 0 0 0 0 1 0 1 0 1 0 1 0 1 0 0 1 1 1 1 1 1 1 0 1 0 1 1 0 1 1 1 0 0 0 0 0 1 1 0 1 0 0 0 1 0 1 1 0 1 1 0 0 0 1 0 1 0 0 0 0 1 1 1 1 1 0 0 1 0 1 0 1 0 0 1 1 0 1 0 1 1 0 0 1 1 1 1 1 1 1 1 0 0 0 0 0 1 0 1 0 0 0 1 0 1 0 0 0 0 0 1 1 0 0 1 1 0 0 1 0 1 1 0 1 0 1 1 1 0 0 1 1 0 1 0 1 0 0 1 0 1 0 0 1 0 0 0 0 1 0 0 0 1 1 1 1 0 1 0 0 1 0 0 0 1 0 0 0 0 1 0 0 1 1 0 1 1 1 0 1 0 1 0 0 1 0 1 0 0 0 1 1 1 0 0 0 1 1 1 1 0 0 1 1 1 0 0 1 0 1 1 1 1 0 0 0 1 0 1 0 0 0 1 0 0 0 0 0 0 0 1 0 0 1 1 1 1 0 0 0 0 1 1 0 1 1 1 0 0 1 1 0 0 0 0 1 1 1 1 0 1 1 1 1 0 0 0 0 1 0 0 0 1 1 1 0 0 0 1 1 1 1 1 1 0 1 1 1 0 1 1 0 1 0 0 0 1 0 1 1 1 0 1 0 1 1 0 1 1 1 1 0 0 1 0 0 0 1 0 0 1 1 0 1 0 0 0 0 1 0 0 1 1 0 0 1 1 0 0 0 0 0 1 1 1 0 1 1 1 0 0 1 0 0 1 0 0 1 1 1 1 0 1 0 1 1 1 1 0 1 1 0 1 1 1 0 0 0 0 0 0 1 0 0 1 0 1 1 0 1 0 0 0 0 0 1 0 1 0 0 0 1 1 1 0 1 1 0 1 0 1 0 1 1 1 1 0 1 0 0 1 1 0 0 0 1 1 0 0 1 1 1 1 1 1 0 1 1 1 0 0 1 1 1 0 0 0 1 0 0 1 0 1 0 1 1 1 0 0 1 1 1 0 1 0 0 0 0 0 1 1 0 0 1 1 0 0 0 0 1 1 1 0 0 0 0 1 1 1 1 0 0 0 1 1 0 0 1 1 1 0 1 0 0 1 0 1 0 1 0 1 0 0 1 1 0 1 0 1 1 1 0 1 1 0 1 1 0 1 0 0 1 1 0 0 0 1 0 1 1 0 1 0 0 1 1 1 0 1 0 0 1 0 0 0 0 1 1 0 0 1 0 1 0 0 0 1 0 1 0 0 1 0 1 0 1 0 0 1 1 0 0 0 1 1 0 1 0 0 1 0 1 1 1 1 1 0 0 0 0 0 1 1 1 1 1 1 1 1 1 0 0 0 0 1 1 0 0 0 1 1 0 0 1 0 1 0 1 1 1 0 1 0 1 0 0 1 1 1 1 0 1 0 1 0 0 0 1 1 0 1 1 0 0 1 0 0 1 1 0 1 1 1 1 1 1 1 0 1 1 1 0 1 1 1 0 1 0 1 1 1 1 0 1 0 0 1 1 1 0 1 1 0 0 0 0 0 0 1 1 0 0 1 0 1 1 1 0 1 1 0 0 0 0 1 0 0 1 0 1 0 0 0 1 1 1 1 1 0 0 1 0 0 1 1 0 0 1 1 0 0 1 1 0 1 1 1 0 1 1 1 0 0 0 0 0 1 1 0 1 1 1 1 1 1 0 1 0 0 0 0 0 1 0 0 0 1 0 0 0 1 0 1 0 1 0 0 0 0 0 1 0 1 1 1 0 0 1 1 0 0 0 0 0 1 1 1 1 0 0 1 0 0 0 0 0 1 0 0 1 1 0 0 0 1 1 0 1 1 1 1 0 1 0 1 1 0 1 1 1 0 0 0 0 0 0 0 0 1 1 1 0 1 0 1 0 0 0 1 0 0 1 0 0 1 1 0 0 1 0 1 0 0 0 1 1 0 1 0 1 1 0 0 0 0 1 1 1 0 0 0 1 1 1 0 0 1 1 0 1 0 1 1 0 0 0 0 0 1 1 1 0 0 1 0 1 0 1 0 1 0 0 1 1 0 1 0 1 0 0 1 0 1 0 1 0 0 1 1 1 1 1 1 0 1 0 0 0 1 0 0 0 0 0 1 1 1 0 1 1 0 1 0 0 1 1 0 1 0 0 0 0 1 0 0 0 0
676 586 291
0 1 0 1 0 0 1 1 1 1 1 0 1 0 1 0 1 0 1 0 0 1 0 1 1 0 1 1 1 0 0 1 0 0 1 1 1 0 1 1 1 0 0 1 1 1 0 0 1 1 0 1 0 0 1 0 1 1 1 0 1 1 1 1 0 1 1 0 0 0 1 0 1 1 0 1 1 0 0 0 1 0 1 0 1 0 0 1 0 0 0 1 1 1 0 0 0 0 1 1 0 0 0 0 1 1 0 0 0 1 0 1 0 0 1 0 1 1 1 1 1 1 1 0 0 0 0 1 0 1 0 0 0 1 1 0 0 1 1 1 0 0 1 0 1 1 0 1 1 0 0 0 1 0 0 0 1 0 1 1 1 0 0 1 1 1 0 1 0 0 1 1 0 0 0 1 0 1 1 0 0 0 1 0 0 1 1 0 1 0 0 0 1 0 1 1 0 1 1 1 0 1 1 0 0 1 0 0 1 1 1 0 0 1 0 0 0 0 1 0 1 1 0 1 1 0 1 1 1 1 1 0 1 1 0 0 0 0 0 0 1 0 0 1 1 1 1 1 1 1 1 0 1 1 1 1 1 0 1 1 1 1 1 1 1 1 0 1 0 0 0 0 1 0 0 1 0 1 1 1 0 1 1 1 1 0 1 0 1 0 0 1 0 1 1 0 0 1 1 0 0 1 1 0 1 0 0 0 1 0 0 1 0 0 1 0 0 1 1 0 1 1 0 0 0 1 1 0 1 0 0 0 0 1 1 0 1 0 1 1 0 0 1 1 1 1 0 1 1 1 1 1 1 1 0 1 0 1 0 0 1 0 1 1 1 1 0 1 0 0 1 1 1 1 0 1 1 0 1 0 0 0 0 0 1 1 0 0 1 0 1 1 0 1 0 0 1 1 1 0 1 0 0 1 0 0 1 0 1 1 0 0 1 1 1 0 0 0 0 1 1 0 0 0 0 0 1 1 1 1 1 1 0 0 1 1 1 0 0 1 0 0 1 1 1 0 1 1 0 0 1 0 0 0 1 0 0 0 0 0 1 1 0 0 1 0 1 1 1 1 1 1 0 1 1 0 1 1 1 0 0 1 0 1 1 0 1 0 0 1 1 1 1 1 1 0 1 1 0 0 0 1 0 0 0 0 1 0 1 1 0 0 0 0 0 0 1 0 1 0 0 1 1 0 1 1 0 0 1 1 0 0 1 1 0 0 0 0 0 1 1 1 1 1 0 0 1 0 0 1 1 0 0 1 0 1 1 0 1 0 1 0 0 0 1 0 1 1 0 1 1 1 0 1 0 1 0 1 1 1 1 0 1 1 0 0 1 1 1 0 1 0 1 1 0 1 0 0 0 0 0 0 1 1 1 1 1 1 0 1 0 1 0 0 0 1 0 0 1 0 0 0 1 1 0 1 0 1 0 1 1 0 0 0 1 0 0 1 1 1 0 1 1 1 1 1 1 1 1 1 0 0 0 1 1 0 1 0 0 0 0 0 0 1 0 1 1 0 1 1 0 1 1 0 1 0
534 82 179
0 0 0 0 0 1 1 1 1 0 1 0 0 0 0 1 1 1 1 0 1 1 1 1 1 1 0 0 0 1 0 1 0 1 0 1 1 0 0 1 0 1 0 0 0 0 1 0 1 1 0 0 0 0 0 1 1 1 1 1 1 1 1 1 1 0 1 0 1 0 1 1 1 1 1 1 1 0 1 1 0 0 1 1 0 1 0 0 1 0 0 0 0 1 1 1 0 0 1 0 1 1 1 1 0 1 0 0 1 0 1 1 0 1 1 0 1 1 1 0 0 0 1 1 0 0 0 1 0 1 1 0 0 0 0 0 1 0 1 1 1 0 0 0 0 1 0 0 1 0 0 0 0 1 0 0 1 1 1 1 1 0 0 0 0 0 0 0 0 1 0 0 0 1 0 1 0 0 1 1 1 0 0 0 0 1 1 1 1 1 1 0 1 0 0 0 1 1 1 1 0 1 0 0 0 1 1 0 0 1 1 1 0 0 1 0 0 1 0 0 1 1 0 1 1 1 1 1 1 1 0 0 0 1 1 0 1 1 0 1 0 0 0 1 0 1 1 0 0 0 1 0 0 0 0 0 1 1 0 1 1 0 0 0 0 1 1 0 0 0 0 0 0 1 0 0 1 1 1 0 0 0 1 1 0 1 1 1 1 1 0 1 0 1 0 1 0 1 1 0 1 0 1 1 0 0 0 0 0 0 0 0 0 0 1 1 0 0 0 1 1 0 1 1 0 1 0 0 1 0 0 1 0 1 1 0 1 1 0 1 1 1 0 1 0 1 1 1 0 0 0 1 1 0 1 1 0 0 0 1 0 1 0 1 1 0 1 0 1 0 0 0 1 1 0 0 1 1 1 0 0 1 1 1 1 1 1 1 0 1 1 0 1 0 0 1 0 1 0 1 0 0 0 0 1 0 0 1 1 0 0 0 1 1 0 1 0 0 0 1 0 0 1 0 0 0 0 0 1 0 0 0 1 1 0 1 1 0 0 0 1 0 0 0 0 1 0 0 0 1 0 1 0 1 1 0 0 1 0 0 1 1 1 1 1 1 0 1 1 0 1 0 1 0 0 0 1 0 1 1 0 0 0 0 0 0 0 0 0 1 0 1 0 0 0 0 0 1 1 1 1 1 0 1 1 1 1 0 0 0 1 0 1 1 0 0 0 1 0 0 0 1 0 0 1 1 0 1 0 0 1 0 1 1
782 471 73
1 1 0 0 1 0 1 1 0 0 0 1 0 1 0 0 0 0 0 1 1 1 0 0 0 1 0 1 0 0 0 1 1 0 0 0 0 1 1 0 1 1 1 1 0 0 0 1 0 1 1 0 0 1 1 1 0 0 0 1 1 1 1 1 0 1 0 0 0 1 1 1 1 0 1 0 1 1 0 0 1 1 1 0 1 1 1 1 0 0 0 0 1 0 1 0 0 1 1 0 1 0 1 1 1 1 0 1 0 0 1 1 0 0 1 0 1 0 0 1 0 1 0 1 0 1 1 0 1 0 1 0 0 1 1 0 1 0 1 1 1 1 1 0 0 1 0 0 0 0 1 1 1 1 1 0 0 1 1 0 0 0 0 0 1 0 0 0 1 0 0 0 0 0 0 0 1 1 0 0 0 1 0 1 0 1 0 1 0 0 1 0 1 0 1 0 0 1 1 0 0 0 1 1 0 1 1 0 1 0 1 0 0 0 1 1 0 0 1 1 1 0 1 0 0 1 1 1 0 0 0 0 0 0 0 1 0 1 1 0 1 1 0 0 0 0 0 1 1 0 0 1 1 0 1 0 1 1 0 1 0 1 1 0 0 0 1 0 1 0 0 0 0 0 1 0 0 1 1 1 1 0 0 1 0 1 1 0 0 0 1 0 0 0 1 0 1 1 0 0 1 1 0 1 0 1 1 1 0 1 0 0 0 1 0 1 1 1 0 0 1 1 1 1 0 0 1 0 1 0 0 1 0 1 0 0 1 0 1 1 0 1 0 0 1 1 0 0 1 0 0 1 1 0 0 1 0 1 1 0 0 1 1 0 0 0 1 1 0 1 0 1 0 1 1 1 1 0 0 1 0 1 0 1 0 1 0 0 0 0 1 1 1 0 0 0 0 0 1 1 0 0 1 0 1 0 0 0 0 1 1 0 0 1 1 1 1 0 1 0 0 1 0 0 1 0 0 1 1 0 1 0 1 0 1 0 1 1 1 0 0 0 0 1 0 0 1 1 0 1 0 0 1 0 1 1 0 0 1 0 1 0 1 0 1 1 1 1 1 0 0 1 0 1 0 1 0 1 0 1 1 0 0 1 1 1 0 0 0 1 1 1 1 1 1 0 1 1 1 0 0 1 0 0 1 0 0 0 1 0 1 1 0 0 1 1 0 0 1 0 0 0 0 0 0 0 1 1 0 1 1 1 0 1 0 1 1 1 1 1 0 1 1 1 1 0 0 0 1 1 1 1 0 0 1 1 0 0 1 1 0 0 0 0 1 1 1 0 1 0 0 1 0 1 0 1 0 0 1 1 1 1 1 0 0 0 1 0 1 0 1 0 1 0 1 1 0 1 1 0 1 0 1 0 0 1 0 0 0 0 0 1 0 0 1 0 0 0 0 1 1 1 0 1 0 0 0 0 1 1 0 0 1 1 1 0 1 0 1 0 1 1 0 0 0 1 1 1 0 1 1 1 1 0 0 1 0 0 1 1 0 0 0 1 1 0 0 0 0 1 0 0 0 1 0 1 0 0 0 1 0 1 1 0 0 1 1 0 1 0 1 1 1 1 0 0 1 1 0 1 1 1 0 0 1 1 1 0 1 1 1 1 1 0 0 0 0 0 0 0 1 0 0 0 0 1 1 0 1 0 0 1 0 1 0 0 1 0 1 1 1 0 0 1 0 1 0 0 0 0 0 0 1 0 1 1 1 1 1 0 0 1 1 0 0 1 0 0 1 0 0 1 0 1 1 0 1 1 0 1 0 1
946 472 697
0 1 1 1 0 1 0 0 0 1 1 0 0 0 0 0 1 0 1 1 0 1 1 0 0 0 1 0 0 1 1 0 1 0 0 0 1 0 1 1 1 0 1 0 0 1 0 1 0 0 1 1 0 1 1 0 0 0 1 0 0 1 0 1 1 0 0 1 0 0 1 0 1 1 0 0 1 1 1 1 0 1 1 0 1 1 1 1 0 0 0 0 1 0 1 0 0 0 1 1 1 1 0 0 0 1 0 1 0 1 1 0 1 1 0 1 1 1 0 0 1 0 1 0 1 0 1 0 1 1 0 0 1 1 1 1 1 0 0 0 0 0 1 1 1 1 1 0 1 0 1 0 1 0 1 1 1 0 0 1 1 1 0 0 1 1 1 0 1 0 1 1 1 0 1 1 1 1 1 1 0 1 0 1 0 1 1 1 1 0 0 1 0 0 0 0 1 0 0 1 0 0 1 0 1 1 0 0 0 1 1 1 0 0 1 1 1 1 1 1 1 0 0 1 1 1 0 0 1 0 1 0 0 1 0 0 1 0 1 0 0 1 0 1 0 1 1 1 1 1 0 1 1 1 1 0 0 1 0 1 0 0 0 1 1 1 1 0 0 0 1 1 1 1 1 0 1 1 0 0 0 0 0 1 1 0 1 0 1 0 1 0 1 1 1 0 0 0 0 0 0 1 1 0 0 1 0 1 1 1 1 0 0 0 0 0 1 0 0 1 0 0 1 0 0 1 1 1 0 1 0 0 0 1 0 0 1 0 0 1 0 1 1 1 0 1 0 1 0 1 1 0 1 0 1 0 1 0 1 1 1 1 0 1 0 0 0 1 0 0 1 1 0 1 0 0 1 1 0 1 0 1 1 0 0 0 0 1 1 0 0 0 0 0 1 0 0 1 0 0 1 1 1 1 0 0 0 1 1 1 1 0 0 0 0 1 0 1 0 1 1 0 0 0 0 1 0 1 1 1 1 0 0 0 1 0 1 1 0 0 0 0 0 0 1 1 0 0 1 0 1 1 1 1 1 0 1 0 0 0 0 1 1 1 1 0 0 0 1 0 1 1 1 1 0 1 1 1 0 1 1 1 1 0 1 1 1 1 1 1 0 0 0 1 0 1 1 1 0 1 1 1 1 0 1 0 1 0 0 0 1 0 1 0 1 0 0 1 1 1 1 1 0 1 0 1 0 0 1 0 1 0 0 1 0 1 0 1 1 0 1 0 1 0 0 1 0 1 1 0 0 1 1 1 0 0 1 0 0 1 1 1 0 0 0 1 1 1 0 1 0 1 0 0 0 0 0 0 0 0 0 0 0 1 1 1 1 0 0 0 1 1 1 0 0 1 1 1 0 1 0 0 1 0 0 1 1 0 0 1 0 1 1 1 1 1 1 1 0 1 1 0 1 1 0 1 1 1 1 1 1 1 1 1 1 0 0 1 1 0 0 0 1 1 1 1 0 0 1 0 1 1 1 1 1 1 0 0 1 1 1 0 0 1 1 0 0 1 1 1 0 1 0 0 1 1 1 1 0 1 1 1 0 1 0 1 0 1 0 1 1 0 0 1 1 0 1 1 1 1 0 1 0 0 0 0 0 0 1 0 1 1 0 0 0 0 0 0 0 0 1 1 0 0 0 0 0 0 1 0 0 0 0 1 0 1 0 0 1 1 1 0 0 0 0 1 0 0 0 1 1 0 1 0 0 0 0 1 0 0 1 1 1 1 0 0 1 0 0 0 0 1 0 0 1 0 0 1 0 1 1 0 1 0 0 0 0 0 0 1 1 1 0 0 0 1 0 1 1 0 1 1 1 1 1 1 0 1 1 1 0 0 1 0 1 0 1 0 0 0 0 0 0 1 1 0 1 0 0 1 0 0 1 0 0 1 0 1 1 0 1 0 1 0 0 0 0 0 1 1 0 1 0 1 0 0 0 1 0 1 1 1 1 0 0 1 1 1 1 0 0 0 0 1 1 1 1 1 0 0 0 1 1 0 0 1 1 1 1 0 0 0 1 0 1 0 1 0 0 0 1 0 1 1 0 1 1 1 1 0 0 0 0 1 0 1 0 0 1 1 1 0 1 1 1 1 0 1 1 0 0 0 1 0 1 1 0 1 0 1 0 0 1 0 0 0
484 221 609
0 1 0 1 1 0 0 0 0 0 0 0 1 1 0 1 1 0 1 1 1 0 0 1 0 1 1 1 0 0 0 1 0 0 0 1 1 1 1 0 0 0 1 1 0 0 1 1 1 0 0 1 0 1 0 0 0 0 1 1 1 0 0 1 1 0 0 1 0 0 0 1 1 1 0 0 0 0 1 0 1 0 0 1 0 0 1 1 0 0 1 0 1 0 1 1 1 1 0 0 1 0 0 1 1 1 0 1 1 1 0 0 0 1 0 0 1 0 0 1 1 0 1 1 1 1 0 1 0 0 0 1 1 0 1 1 1 0 0 0 1 1 0 0 0 1 0 0 0 1 0 1 1 1 1 0 0 0 0 1 1 1 0 0 1 1 0 0 0 1 0 1 1 1 0 1 1 1 0 1 0 1 1 0 1 1 1 1 0 0 0 1 1 0 0 1 1 1 1 1 0 1 0 0 0 1 1 1 1 1 0 1 1 1 1 0 0 1 1 0 0 0 0 1 0 1 0 1 1 0 0 0 0 0 1 0 0 1 0 0 1 1 0 1 1 0 1 1 0 0 1 1 0 0 1 0 0 0 1 1 0 0 0 1 0 0 0 1 1 1 1 1 0 0 0 0 1 0 0 1 1 0 0 0 0 1 1 0 0 1 0 0 0 0 0 1 0 0 1 1 0 1 0 1 0 1 1 1 0 1 0 1 0 1 0 0 1 1 0 0 1 1 1 1 0 1 1 0 1 1 0 1 0 1 0 0 0 0 1 0 0 0 1 0 1 1 0 0 0 0 1 0 1 1 0 1 0 1 1 1 0 1 1 0 1 0 1 0 1 1 0 1 1 0 0 0 0 1 1 0 0 1 1 0 0 1 0 1 1 1 0 1 1 0 0 0 1 0 0 0 1 0 1 1 0 1 1 1 1 0 1 0 1 1 0 0 1 1 1 1 0 1 0 0 0 1 1 0 1 0 0 1 0 1 1 0 0 1 1 0 0 0 0 1 1 0 0 0 1 0 0 1 0 1 0 0 1 1 0 0 1 1 1 1 0 0 0 1 1 1 1 0 1 0 0 1 0 0 0 0 0 0 0 0
53 10 257
0 0 0 0 0 1 1 1 0 0 0 1 0 1 1 1 1 1 1 0 1 1 0 1 1 0 0 1 1 1 1 1 0 1 0 0 0 1 0 0 1 1 1 0 1 1 0 1 0 1 1 1 0
532 384 116
1 0 1 1 0 1 1 1 0 1 0 0 0 1 1 1 1 1 1 1 0 0 1 1 1 1 0 1 0 0 1 1 0 1 1 1 0 1 0 0 0 0 1 0 0 1 0 1 0 1 1 0 1 0 0 1 0 1 0 1 1 1 0 1 1 1 0 0 1 0 0 1 0 0 1 1 1 0 1 1 0 0 0 1 0 0 1 1 0 0 0 0 0 0 1 1 1 0 1 0 1 0 0 1 0 0 0 0 1 1 0 1 0 0 0 0 0 0 0 1 0 0 1 0 0 1 1 0 0 1 0 1 1 1 0 1 1 1 1 1 0 0 1 1 1 1 0 0 1 0 1 0 0 0 1 1 1 0 0 1 1 1 0 0 0 0 0 1 1 1 1 1 1 1 0 0 1 1 0 1 0 1 0 1 0 1 1 1 1 1 1 0 1 0 0 1 0 1 1 0 1 1 0 0 1 1 0 0 0 1 0 1 0 0 1 0 0 1 0 1 1 0 0 1 0 0 1 0 1 0 0 0 0 1 0 0 0 1 1 0 1 0 1 1 1 1 1 1 0 0 0 0 1 0 1 0 0 0 0 1 0 1 0 0 0 1 0 0 1 1 0 1 1 0 0 0 1 0 1 1 0 1 1 0 0 1 1 1 1 1 0 0 0 0 1 0 1 0 1 1 0 1 0 1 0 0 0 0 0 0 1 1 1 0 1 0 1 1 1 0 0 1 0 1 1 1 1 0 0 1 1 1 1 0 1 0 0 1 1 0 1 0 1 1 1 1 1 1 1 1 1 0 0 0 0 1 1 1 0 0 0 0 0 0 0 0 1 0 0 1 1 0 1 0 0 1 0 0 0 1 1 0 1 1 1 1 0 1 1 0 1 0 1 1 1 1 1 0 0 0 1 0 0 0 0 0 1 0 1 1 1 0 0 0 0 1 0 1 1 1 0 1 1 0 1 0 1 1 0 1 1 1 1 0 1 1 1 0 0 1 1 0 0 1 1 0 1 1 0 0 1 1 0 1 0 1 0 1 0 0 0 1 1 0 0 0 1 0 1 0 1 0 0 0 1 0 0 0 1 0 1 0 1 0 1 0 1 1 1 0 0 0 1 0 1 1 1 1 0 0 0 0 1 1 0 1 1 1 1 0 1 0 1 0 0 0 0 0 0 0 1 0 0 0 1 1 1 0 1 1 0 1
761 63 769
1 0 0 0 0 1 0 0 1 0 1 0 0 0 1 1 1 1 1 1 1 1 1 1 0 0 1 0 1 0 1 1 1 1 0 1 1 1 0 1 0 1 1 1 1 1 0 0 1 1 1 1 1 0 0 0 1 0 0 1 0 0 0 1 1 1 1 0 0 1 0 0 0 1 0 0 1 1 0 1 0 1 1 0 0 0 0 0 0 0 0 1 1 0 1 0 1 1 1 1 0 1 1 0 1 0 1 0 0 1 1 0 1 0 0 1 1 0 0 0 0 1 1 1 1 0 1 0 0 1 1 0 1 0 1 1 1 1 1 1 1 0 0 0 1 0 0 1 1 0 1 1 1 1 1 1 0 0 0 0 0 1 0 1 0 0 0 1 1 1 0 1 1 0 0 1 0 0 1 0 0 0 1 1 1 0 1 1 0 0 0 1 0 0 0 0 1 0 1 1 0 0 0 1 0 0 1 1 0 1 0 0 0 0 0 0 0 1 0 1 0 1 0 1 1 1 1 0 0 1 1 0 0 0 0 1 0 0 1 1 1 1 0 0 0 0 1 0 1 1 0 1 1 1 1 0 1 0 0 1 1 1 0 0 0 1 1 1 0 0 1 0 0 0 1 1 1 0 0 0 1 0 0 1 1 1 1 1 0 1 1 0 0 0 1 1 0 0 1 1 0 1 1 0 0 1 0 1 1 1 0 1 1 0 1 0 1 1 0 1 1 0 0 1 1 1 1 0 0 0 0 1 0 0 1 0 1 0 1 0 0 1 0 0 1 0 1 0 1 0 1 0 1 1 1 0 1 1 0 0 1 1 1 1 0 1 1 1 0 1 0 1 1 0 1 1 1 1 0 1 1 1 1 0 0 0 0 1 0 0 0 1 0 0 1 0 0 0 1 1 1 0 1 1 1 1 0 0 0 1 0 0 1 1 0 0 0 0 1 0 1 0 1 1 1 1 0 0 0 0 1 0 0 1 0 0 0 1 0 0 0 0 0 0 1 1 0 1 0 1 1 1 1 0 0 1 0 0 0 0 1 0 0 0 1 0 1 0 0 0 0 1 0 1 1 1 1 0 0 1 1 1 0 1 0 0 0 0 1 1 0 1 0 0 0 0 0 0 1 0 0 1 0 0 1 1 1 1 0 0 1 0 1 1 1 0 0 1 1 0 0 0 1 1 1 0 0 1 1 1 0 1 1 0 0 1 1 0 1 1 0 0 1 1 0 0 1 1 1 0 0 0 1 1 1 0 0 1 1 1 1 0 0 1 1 1 1 1 0 0 1 0 1 1 0 1 1 0 0 0 0 0 1 0 1 1 0 1 0 0 1 1 0 0 0 0 0 1 0 1 1 0 1 0 0 1 1 0 1 1 0 1 0 0 0 0 0 0 1 1 1 1 0 1 1 1 1 1 1 1 1 0 0 0 1 0 0 0 1 0 0 0 0 0 1 1 0 1 0 1 1 0 0 0 0 1 0 1 1 1 1 0 0 1 1 1 1 0 1 0 0 0 0 0 1 1 0 0 0 0 0 0 0 0 0 0 0 1 1 1 0 0 0 0 0 1 0 0 1 0 0 0 1 0 0 1 1 0 0 1 1 1 1 1 0 0 1 0 1 1 0 1 1 0 0 1 1 0 1 1 0 0 1 1 0 1 1 0 0 0 1 0 1 0 1 0 0 0 1 0 0 1 1 0 1 0 0 1 0 1 0
995 556 1012
0 0 1 0 1 1 0 1 1 0 0 0 0 1 1 0 1 0 1 0 0 1 0 1 1 1 0 1 0 0 0 0 1 1 1 0 0 0 0 0 0 0 0 0 1 0 1 0 0 0 0 0 0 1 1 1 1 0 1 0 1 0 0 1 0 0 1 0 1 0 1 1 1 0 0 1 1 0 0 0 0 0 0 1 1 1 0 1 1 0 1 0 0 0 0 1 1 0 1 1 1 0 0 0 1 0 1 0 0 1 1 0 1 0 1 0 1 0 1 1 1 0 1 0 0 0 0 0 1 1 1 0 0 0 1 1 0 1 1 0 1 0 1 1 0 0 0 0 1 1 1 1 1 0 0 0 1 0 0 1 0 0 0 1 0 0 0 0 1 1 1 0 0 1 0 0 1 1 1 1 0 0 1 0 0 0 0 0 1 0 0 1 0 1 1 0 0 0 0 1 1 1 1 0 1 0 0 1 0 0 0 0 0 1 0 1 1 1 1 0 1 0 1 0 0 0 0 0 0 0 1 1 0 0 1 1 1 0 0 0 1 1 1 0 0 1 0 0 0 0 0 0 1 0 1 1 1 1 1 0 1 0 0 0 0 0 1 1 1 0 1 0 0 1 0 1 1 0 1 1 1 0 0 0 1 1 1 0 1 0 0 0 0 1 0 1 0 1 1 0 1 1 1 1 1 0 1 1 1 1 1 1 1 1 1 1 1 0 1 1 1 1 1 0 1 1 1 0 0 0 1 1 1 1 0 0 1 0 1 0 0 1 1 1 1 1 1 1 1 1 1 1 1 1 0 1 0 0 1 1 0 0 0 1 0 0 1 0 1 0 0 1 0 0 0 1 1 0 1 1 1 0 1 1 1 0 1 0 0 1 1 0 0 1 0 0 1 0 1 1 1 1 1 1 0 0 0 1 1 1 1 0 0 0 1 0 0 1 1 1 0 1 1 1 0 1 1 0 1 0 0 1 1 1 1 0 1 1 1 0 0 1 0 0 0 0 1 1 1 1 1 0 1 0 0 0 0 1 0 0 1 1 0 1 0 0 0 1 1 0 0 1 1 0 1 1 0 0 0 1 1 0 1 0 0 0 1 0 1 1 0 1 0 1 0 1 0 1 0 0 1 0 0 0 0 1 0 0 1 0 0 1 0 0 0 1 0 0 1 1 1 0 1 1 1 1 1 0 0 1 0 1 1 0 1 1 1 0 1 1 1 1 0 1 0 1 0 0 0 1 1 0 1 1 0 0 0 0 1 1 1 0 0 0 1 0 0 1 1 1 0 0 0 0 0 0 1 0 1 0 0 1 0 1 1 1 1 1 0 0 0 1 1 0 0 1 1 0 1 1 1 1 1 1 1 1 0 0 0 0 0 1 0 1 1 0 1 1 0 1 1 1 1 1 0 0 0 0 1 1 0 1 1 1 0 0 0 0 0 1 0 1 0 1 1 1 0 1 1 0 1 0 1 1 1 0 1 1 0 0 1 1 0 1 1 0 1 1 1 0 0 0 1 0 1 1 0 1 1 0 1 1 0 1 1 1 0 1 1 1 0 1 0 1 0 0 0 0 1 1 0 0 0 0 1 0 1 0 1 0 1 1 1 0 1 0 0 0 0 0 0 0 1 1 0 0 1 1 1 1 1 0 1 0 1 1 1 1 1 0 0 1 0 1 0 1 1 1 0 0 0 1 0 1 1 1 0 0 0 0 0 1 1 1 0 0 1 0 0 1 0 1 0 1 1 0 0 1 0 1 1 0 1 1 0 1 1 0 0 1 0 1 1 1 1 1 0 1 1 1 0 1 0 0 0 1 1 1 0 1 0 1 0 1 1 0 0 0 0 0 0 0 0 1 1 0 0 0 1 0 1 0 0 1 1 0 0 0 0 1 0 1 0 1 0 1 0 1 0 0 0 0 0 1 0 1 1 0 1 0 0 1 1 0 0 1 0 1 0 1 0 0 0 1 1 1 1 0 1 1 0 0 1 1 0 0 1 1 1 0 0 1 0 0 1 0 0 1 0 1 1 0 0 0 0 0 1 0 0 0 1 0 0 1 1 1 0 1 1 1 1 0 1 0 1 0 1 1 0 1 1 1 0 0 0 1 0 0 1 1 1 0 0 0 0 1 1 0 1 0 0 0 0 0 1 0 1 0 1 1 0 1 1 0 1 1 1 0 0 0 0 1 0 1 0 0 1 1 0 0 1 1 1 1 1 1 0 0 1 0 0 0 0 0 1
727 570 307
0 0 1 1 0 1 0 1 0 1 0 1 0 0 0 1 1 0 1 0 1 0 1 0 0 0 1 0 0 1 0 1 0 1 1 1 1 0 0 1 1 1 1 1 0 1 1 0 0 1 1 0 1 0 1 1 0 0 1 0 0 0 0 0 0 0 1 0 1 1 0 1 1 0 0 0 1 1 1 1 1 1 0 1 0 1 1 0 0 1 0 0 0 1 0 0 1 0 0 1 1 0 0 1 0 1 0 1 1 1 0 1 0 1 1 1 0 1 1 1 0 1 1 1 0 1 0 1 0 1 0 1 0 0 0 1 1 0 1 0 0 1 1 0 1 1 0 0 0 1 1 0 0 0 1 0 0 1 1 0 1 1 1 0 0 1 0 1 1 1 0 1 1 1 1 0 1 1 1 1 1 0 0 0 0 1 0 0 1 1 1 0 0 0 1 0 0 1 0 1 0 0 0 1 0 1 0 0 1 0 1 1 1 0 0 0 0 1 1 0 0 1 1 1 0 1 1 0 0 1 1 0 0 1 1 1 1 1 0 1 1 1 1 0 0 1 0 0 1 0 0 1 1 1 0 0 1 1 0 0 0 0 1 0 0 0 1 1 0 1 1 1 1 0 1 1 1 1 1 0 1 1 1 1 0 1 0 1 0 0 0 1 1 0 0 0 1 0 1 1 1 0 0 0 1 1 1 0 1 1 1 1 1 0 0 1 0 1 1 0 0 1 0 0 0 1 1 0 1 1 0 0 0 0 0 0 1 1 0 1 0 0 0 1 1 1 1 0 0 1 0 0 1 1 1 0 0 0 1 0 0 0 0 1 0 1 1 0 1 1 1 1 0 1 1 1 1 0 0 0 0 0 0 0 1 0 1 0 1 0 0 0 1 0 1 0 1 0 0 1 0 1 0 1 0 0 0 0 1 1 0 1 0 1 1 1 1 0 0 1 1 1 0 0 1 1 0 1 0 0 1 0 0 1 0 0 0 1 1 0 1 0 1 1 0 0 1 0 1 1 0 0 0 1 0 0 0 1 1 1 0 1 0 1 1 0 1 0 0 1 0 1 1 0 1 1 0 1 1 0 1 0 0 1 1 1 1 1 0 1 0 1 1 0 1 0 0 1 1 1 0 0 1 0 0 1 1 0 0 1 0 0 1 0 1 0 1 0 1 1 0 0 1 1 1 0 0 0 0 0 1 1 0 1 0 0 0 1 0 1 1 1 0 0 1 1 1 0 0 0 0 1 1 0 0 1 0 1 1 1 1 1 0 1 0 1 0 1 0 1 0 0 1 1 1 1 1 0 1 0 1 0 1 1 1 1 1 1 1 1 1 0 0 1 0 0 1 0 1 1 0 0 0 1 0 1 0 1 0 0 0 0 0 0 1 1 0 0 1 1 1 0 0 0 1 1 1 0 0 0 0 1 0 0 0 1 1 0 0 0 1 1 0 0 1 0 0 1 1 1 1 1 1 1 1 1 0 1 0 0 1 1 0 0 0 0 0 0 1 1 1 1 0 1 1 1 0 1 1 1 1 0 1 1 1 1 0 1 0 1 0 0 0 0 1 0 0 0 1 1 0 0 1 1 1 0 0 1 1 0 0 1 0 1 1 0 1 0 1 1 0 0 1 0 0 0 1
406 339 165
0 0 0 1 1 0 1 1 1 1 0 1 1 0 0 0 0 1 0 1 0 1 0 1 1 1 0 1 1 0 1 1 0 1 0 1 0 0 0 1 0 0 0 0 1 0 0 1 0 0 0 0 1 1 0 0 1 0 0 0 1 0 1 0 1 0 1 0 0 0 1 0 1 0 1 0 1 1 1 1 0 0 0 1 0 1 0 1 0 0 0 0 1 1 1 1 1 1 1 1 1 1 1 1 0 1 1 0 1 0 1 1 1 1 0 0 0 1 0 1 0 1 1 1 1 1 1 0 0 0 0 1 0 1 0 1 1 0 1 1 1 0 0 1 1 1 0 1 1 1 0 1 1 1 1 1 1 1 1 1 1 0 1 0 0 1 0 0 1 0 0 0 1 1 1 1 0 1 0 0 1 0 1 1 0 0 1 1 1 0 1 0 1 1 1 0 1 1 0 0 0 1 0 0 1 0 1 0 1 0 0 0 1 0 1 1 0 1 0 1 0 0 1 1 0 0 0 0 1 1 0 1 1 1 0 0 1 0 0 0 1 0 0 1 0 0 0 0 1 1 0 1 0 1 1 1 0 0 0 1 1 0 0 0 0 1 0 0 0 1 0 0 0 1 1 1 0 1 1 1 1 0 1 1 0 0 0 0 0 1 0 1 1 1 0 0 1 1 0 1 0 1 0 1 0 0 1 1 0 1 1 0 1 1 0 1 1 0 0 0 1 1 1 0 0 1 0 1 0 0 0 1 1 0 1 1 0 0 1 0 1 0 0 1 0 0 0 1 1 1 0 0 1 0 1 1 1 0 0 0 1 1 0 0 0 1 1 0 0 1 0 0 1 1 0 1 0 1 1 0 0 1 0 1 1 1 1 1 0 0 1 0 0 1 0 1 0 1 0 1 0 1 0 0 0 0
711 310 814
1 1 0 1 1 0 1 1 1 1 0 1 1 1 1 0 1 1 1 1 0 1 0 0 1 1 1 0 0 1 1 0 1 1 0 0 0 0 1 1 0 1 0 0 0 1 1 1 0 1 0 1 1 1 0 0 0 1 0 0 0 1 1 0 0 0 1 0 0 0 1 1 1 0 0 1 0 0 0 0 1 0 0 1 1 0 0 0 0 1 0 1 1 1 0 1 0 0 1 0 1 0 1 1 1 1 1 0 1 0 1 0 0 1 0 0 0 0 1 1 1 0 0 1 0 1 1 1 1 1 0 1 0 1 0 1 0 0 1 1 1 1 1 1 1 1 1 0 0 0 0 0 0 1 0 1 0 1 0 1 1 0 1 0 0 1 1 0 0 1 0 1 1 0 1 1 1 0 1 0 1 1 0 1 0 0 1 1 0 1 1 0 1 1 0 0 1 1 1 0 0 1 1 1 0 0 1 0 1 1 0 0 0 1 0 0 1 1 1 1 0 1 1 0 0 1 1 1 1 1 0 1 0 1 0 1 0 1 1 1 1 1 1 0 0 0 0 0 1 1 1 1 0 1 1 1 0 1 0 0 1 1 0 0 0 1 0 1 0 1 0 1 1 0 1 1 1 1 0 1 1 0 1 1 1 0 1 0 0 0 1 0 0 0 1 0 0 1 0 0 0 1 0 0 0 0 0 0 0 1 1 0 0 1 1 1 1 0 1 0 0 1 0 1 0 1 0 1 0 0 1 1 0 1 0 1 0 1 1 1 1 0 1 0 0 0 0 0 1 1 0 1 0 1 0 1 1 1 0 0 0 1 0 0 1 1 0 1 0 0 0 0 0 0 1 1 1 0 1 0 0 0 1 1 1 1 1 1 0 0 1 1 1 1 0 1 0 1 0 0 1 0 1 0 1 0 0 1 0 0 1 0 0 0 1 1 0 1 0 0 0 0 1 0 1 1 0 1 1 1 0 0 1 1 1 0 0 1 0 1 0 1 0 0 1 1 1 0 0 1 0 0 1 1 1 1 1 0 0 1 0 1 0 1 0 0 1 1 1 1 1 0 1 0 0 0 0 1 0 0 1 0 1 1 1 0 0 0 1 1 0 1 1 0 0 0 1 1 1 0 1 0 0 0 0 0 1 0 1 1 1 0 1 1 1 1 1 0 0 1 1 0 1 1 0 0 1 0 1 0 1 0 0 1 0 1 1 1 0 0 0 0 0 0 0 0 1 1 0 1 0 1 1 0 0 0 1 0 1 1 0 0 1 0 1 1 1 0 0 0 0 0 1 0 1 0 1 1 1 0 0 0 0 0 1 1 1 1 1 1 1 0 0 0 1 0 0 0 1 1 0 0 1 1 0 0 1 1 1 1 1 1 1 0 0 0 1 1 0 0 0 1 1 0 0 1 1 1 1 0 1 0 0 1 0 1 1 0 1 0 0 0 1 0 0 1 0 0 0 1 0 1 0 0 1 1 0 1 1 1 0 0 1 1 0 1 1 0 1 0 1 1 1 1 1 1 1 1 0 1 0 0 0 1 0 1 1 1 1 0 0 0 1 1 1 0 0 1 0 1 0 1 1 0 0 1 1 1 1 0 0
72 71 57
0 0 1 1 1 1 0 0 1 1 0 1 1 1 1 1 1 1 1 0 0 0 1 0 0 0 1 1 1 1 1 1 0 1 1 0 1 1 0 0 0 1 0 0 1 1 0 1 0 0 1 0 1 0 1 0 0 1 1 1 1 1 1 0 1 1 0 0 0 1 0 1
385 275 422
1 1 1 1 1 1 1 0 1 0 0 1 0 0 1 1 0 0 1 0 0 1 0 1 1 0 1 1 1 1 0 0 1 0 1 0 1 1 1 0 1 1 0 0 1 1 0 0 1 1 0 0 1 1 0 1 0 0 1 0 1 1 0 1 0 0 1 0 1 0 0 0 0 1 1 0 1 1 0 1 1 1 1 0 1 0 0 0 0 0 1 1 1 1 1 0 0 0 0 0 0 1 0 0 1 1 0 1 0 0 1 0 0 0 1 1 1 0 1 1 0 0 0 0 1 0 1 1 0 1 0 0 0 0 1 0 1 1 1 1 1 0 0 1 0 0 0 0 0 1 1 0 0 0 0 0 1 0 1 0 1 1 0 0 0 1 0 0 0 1 0 1 1 0 0 0 1 0 0 1 0 0 0 1 0 0 0 0 1 1 1 1 1 0 1 0 1 1 0 0 0 0 0 0 0 1 0 1 0 1 1 0 1 0 1 1 1 0 0 0 1 0 1 1 0 1 1 0 1 1 1 0 0 1 0 0 0 0 0 0 0 1 0 0 0 1 1 1 1 1 0 0 0 0 0 0 1 1 0 0 0 0 0 1 1 0 0 0 0 1 0 1 1 1 0 1 0 1 0 1 1 1 0 1 0 1 1 0 1 0 1 0 0 0 1 1 1 1 0 0 0 0 1 1 0 1 1 0 1 1 0 1 0 1 0 1 1 1 0 0 0 0 1 1 0 1 0 1 1 1 1 0 1 0 1 1 0 1 1 1 0 0 0 1 0 1 0 1 0 1 1 1 0 0 0 0 1 1 1 0 1 1 0 1 0 1 1 1 1 1 1 0 1 0 1 1 1 1 1 0 0 0 0 1 0
1037 716 105
1 1 0 0 1 1 1 0 1 0 0 1 1 1 0 1 0 1 1 1 0 1 1 0 1 0 1 1 1 0 0 1 1 0 1 1 0 0 0 0 0 0 0 0 0 1 0 0 0 0 0 0 1 1 1 1 0 0 0 0 1 0 0 0 0 0 1 0 1 0 0 1 1 1 1 1 1 0 0 1 0 0 1 0 1 1 1 0 1 0 0 0 0 0 0 0 0 0 0 0 1 1 0 1 0 1 1 0 1 0 0 1 0 1 1 1 1 0 1 0 0 0 1 1 1 0 0 0 1 0 1 1 1 0 0 0 1 0 1 1 0 1 0 0 0 1 0 0 0 0 1 1 1 1 1 1 0 1 0 1 0 0 0 1 0 0 0 1 0 1 0 1 1 0 0 1 1 1 0 0 1 0 1 1 0 0 1 1 0 0 0 1 1 0 1 0 1 1 1 1 0 1 1 1 1 0 0 1 0 1 0 1 1 0 1 1 1 1 0 0 0 1 1 0 0 0 1 1 0 1 0 0 0 0 0 1 0 1 0 0 1 0 1 1 1 0 0 1 1 0 0 0 0 0 0 1 1 0 1 1 0 1 0 1 0 1 1 1 0 0 1 0 0 1 1 1 1 0 0 0 0 1 1 0 0 0 1 1 0 1 0 1 1 0 0 0 0 1 1 0 1 1 1 1 0 0 0 0 1 0 0 1 0 0 0 1 1 1 0 0 1 1 0 1 1 0 1 1 1 0 0 1 0 0 0 0 0 1 1 0 0 0 1 1 0 1 0 1 0 0 0 0 1 1 1 1 1 1 0 1 1 0 1 0 0 0 1 0 1 0 0 0 0 1 1 1 1 1 1 0 1 0 1 0 0 1 1 0 0 0 1 1 1 0 1 1 1 0 1 1 0 1 0 0 0 1 0 0 1 0 1 0 0 1 0 1 1 1 1 0 0 0 0 0 0 0 0 1 0 1 0 0 0 0 0 0 1 1 0 1 1 0 1 0 0 1 0 1 1 0 0 0 0 1 0 0 0 0 0 1 0 0 1 0 0 1 0 1 1 1 0 0 0 0 0 1 0 1 1 0 0 1 0 1 0 1 0 1 1 0 1 1 1 0 0 1 0 1 0 0 0 1 1 1 0 1 0 1 0 1 1 1 0 1 0 1 0 1 0 1 0 0 0 1 1 0 1 1 1 1 1 1 1 1 1 1 1 1 0 1 0 0 1 1 1 0 1 0 1 0 1 1 0 0 0 0 0 0 0 1 1 1 0 0 0 1 1 1 1 0 0 0 1 1 0 0 0 0 1 1 0 0 1 0 1 1 0 1 1 1 1 1 0 1 0 1 1 1 0 1 1 1 0 0 0 1 0 0 0 1 0 0 1 1 0 0 1 1 0 0 1 1 0 1 1 0 0 0 0 0 0 1 0 1 1 1 1 1 1 0 0 0 0 1 0 0 1 0 1 1 0 1 0 0 0 1 1 1 1 1 1 0 1 0 0 0 0 1 0 0 0 1 0 0 0 0 1 0 1 0 0 0 1 1 1 1 1 1 0 0 0 1 0 0 1 0 0 0 1 1 0 1 1 1 0 1 1 1 0 1 0 0 0 0 1 1 1 1 1 1 0 1 1 0 0 1 1 0 0 0 0 0 0 0 0 0 1 0 1 0 1 1 0 1 1 1 1 1 0 0 1 0 0 1 0 0 0 1 0 1 0 1 1 0 0 1 1 1 1 1 1 0 1 1 0 0 0 0 0 1 0 1 0 0 1 1 0 0 0 0 1 1 1 1 0 0 0 1 0 1 1 0 1 1 0 0 1 0 0 1 0 0 1 0 0 0 1 1 0 1 0 0 0 0 0 1 1 0 1 0 1 0 1 1 1 0 0 0 1 1 1 0 1 1 0 1 0 0 0 1 0 1 1 0 1 1 0 1 1 0 0 1 1 1 0 0 1 0 0 1 0 1 1 1 1 0 0 1 0 0 1 0 0 0 1 1 1 1 1 1 0 0 1 1 1 0 1 1 1 1 1 0 1 0 1 0 1 1 1 1 0 0 1 0 1 1 1 1 0 0 1 0 0 0 0 0 1 1 1 1 1 1 1 0 1 1 1 1 0 1 0 0 1 0 0 0 0 1 0 1 1 0 0 1 0 0 0 0 1 1 1 0 0 1 1 1 0 1 1 1 1 0 0 0 0 0 0 1 1 0 0 0 0 0 1 0 1 1 0 0 0 1 0 0 0 0 1 1 0 0 1 0 0 1 1 1 0 1 0 1 0 1 1 0 1 0 1 1 1 1 0 1 0 1 0 0 0 0 1 1 0 1 1 1 1 1 1
606 40 133
1 0 0 0 0 1 0 1 0 1 0 1 0 1 0 1 0 1 0 1 0 0 1 0 1 1 1 0 0 1 1 1 1 1 0 1 1 1 1 0 1 1 1 1 1 0 1 0 1 1 0 1 1 0 1 1 0 0 0 0 1 0 0 0 1 1 0 1 0 1 0 0 0 1 1 1 0 1 1 1 1 1 1 1 0 1 0 1 1 0 1 0 1 0 1 0 1 0 0 1 1 0 0 0 1 1 0 1 1 0 0 0 0 0 0 0 1 0 1 1 0 0 1 1 0 1 1 1 1 0 1 0 0 0 1 1 0 1 1 1 0 1 1 1 1 0 0 1 0 0 1 0 1 0 0 1 1 0 0 1 0 0 0 1 1 0 0 0 1 1 0 1 0 0 1 1 0 1 1 0 1 1 0 0 1 0 0 0 1 0 1 1 1 1 1 1 1 1 1 1 0 1 1 0 0 1 0 1 1 1 1 1 0 1 0 1 1 0 0 1 0 1 0 0 0 1 0 1 0 1 0 0 0 0 1 0 0 0 0 1 0 1 0 1 0 1 0 1 1 0 0 1 0 0 1 0 1 0 0 1 1 0 1 0 1 0 1 0 0 0 0 1 1 0 1 0 1 0 1 1 1 0 0 0 1 1 1 0 1 1 1 0 1 0 0 0 1 1 1 0 1 1 0 0 0 0 1 1 1 0 1 0 0 1 0 0 0 0 1 1 1 1 0 0 0 0 1 0 1 0 1 0 0 0 1 1 0 0 0 1 1 1 0 0 0 1 0 0 0 1 0 1 1 0 0 1 0 1 1 0 0 0 0 1 1 0 0 1 1 0 1 0 0 0 1 0 0 1 0 1 1 0 1 0 1 0 1 0 0 1 0 1 0 1 1 0 0 1 0 1 0 0 1 0 0 0 1 0 1 0 1 1 0 1 1 1 0 0 1 0 1 1 1 1 0 1 1 0 1 1 0 0 0 0 0 0 1 1 0 0 1 0 1 0 0 1 1 0 1 0 1 1 1 0 1 1 0 1 1 1 0 1 1 1 1 0 0 0 0 1 0 1 0 1 1 1 1 0 1 1 1 1 0 1 0 0 0 0 0 0 0 1 1 0 0 0 1 0 1 0 0 1 0 0 1 1 0 1 1 0 0 0 1 0 0 1 1 1 0 0 0 0 1 0 0 0 1 0 0 1 0 0 1 0 1 0 1 1 0 0 0 0 0 1 0 0 1 0 0 1 1 1 0 1 0 1 0 1 0 1 1 1 0 0 0 0 1 1 0 0 1 0 1 1 1 0 1 0 0 0 1 1 0 0 0 0 0 1 0 0 0 1 1 0 1 0 1 1 0 1 0 1 0 0 1 1
341 182 226
1 0 0 0 0 0 0 1 0 1 0 0 1 1 1 0 1 0 1 0 0 1 0 0 0 1 1 0 1 0 1 0 0 1 0 1 0 1 1 1 1 1 1 0 0 0 0 1 1 1 1 1 0 1 1 1 1 0 1 1 1 1 0 1 1 1 0 0 0 0 1 0 0 1 1 1 1 0 0 1 0 0 1 0 1 0 1 1 1 1 0 1 1 0 0 1 0 1 1 0 1 0 1 1 1 0 0 0 0 1 1 0 1 1 0 1 1 0 0 0 0 0 1 0 0 1 1 1 0 0 0 1 1 1 1 1 0 0 0 1 1 1 0 0 1 0 0 1 1 0 1 1 1 1 1 0 1 0 1 0 0 0 0 0 0 1 0 0 0 1 1 0 1 1 0 0 0 1 1 0 0 1 0 0 1 1 0 1 1 1 0 0 0 1 0 0 0 0 1 1 0 0 0 0 1 0 1 0 0 1 0 0 0 1 1 0 0 0 0 0 1 0 1 1 0 0 1 1 0 1 1 1 0 0 0 0 1 0 1 0 1 0 1 0 1 1 1 0 0 1 0 0 0 1 1 0 1 0 0 1 1 1 1 1 0 1 1 0 1 1 1 0 0 1 1 1 0 1 1 1 1 1 1 1 1 1 0 0 0 1 1 1 1 0 0 0 1 0 0 0 0 0 0 0 0 0 1 1 0 1 0 0 0 0 1 0 0 0 1 1 1 1 1 0 1 1 1 1 0 1 0 1 0 1 0 0 1 1 0 0 1
1045 343 334
0 0 0 1 0 0 1 1 0 1 0 0 0 1 0 0 1 0 1 0 0 1 1 1 0 1 1 1 1 1 1 0 0 0 1 0 1 0 0 1 0 0 0 1 0 0 1 0 0 0 1 1 1 1 0 1 1 1 1 1 1 0 1 0 0 0 1 1 1 1 0 0 1 0 0 1 1 0 1 1 1 0 0 0 1 0 0 1 0 0 1 0 0 1 1 0 0 0 0 0 1 1 1 0 0 1 1 1 1 0 1 0 0 0 1 0 0 1 1 0 1 0 1 1 0 1 0 1 1 0 0 1 0 1 0 1 0 0 1 0 1 0 1 1 1 0 1 0 1 1 1 0 0 1 1 0 1 1 0 0 1 0 0 1 0 1 0 0 1 1 0 1 0 0 1 0 1 1 0 0 0 1 1 1 1 1 0 1 0 1 0 1 1 0 1 0 0 1 0 0 1 1 1 0 0 0 0 0 0 0 1 0 0 1 0 1 1 1 0 1 0 1 0 0 1 1 1 1 0 0 0 1 1 1 1 1 0 0 0 0 0 0 0 1 0 1 0 1 0 0 0 1 1 0 0 0 0 1 0 0 0 1 0 0 0 1 0 1 1 0 0 1 0 0 1 0 1 0 1 0 0 0 1 0 1 1 1 1 1 1 1 1 1 1 1 1 0 1 1 0 1 1 1 1 1 1 0 1 0 0 0 1 0 0 1 0 1 0 0 0 1 0 1 0 0 0 1 0 1 1 0 1 0 1 1 0 1 0 1 0 0 0 0 0 1 1 0 1 0 1 0 0 1 0 0 1 0 0 1 0 0 1 1 1 1 1 0 0 0 1 0 0 0 1 1 1 1 0 0 1 0 1 1 1 0 1 0 0 1 1 1 0 0 1 1 0 0 1 1 0 1 1 0 0 0 1 0 1 1 0 0 1 1 1 1 1 0 0 0 0 1 0 1 0 1 1 1 0 1 1 1 1 1 0 1 0 0 0 1 0 0 0 1 0 0 1 0 1 0 1 0 1 0 0 1 0 1 0 0 0 0 1 0 1 0 0 0 0 1 1 0 1 0 0 0 0 0 1 1 0 1 0 1 0 1 1 1 1 1 1 0 1 1 1 0 1 0 0 1 1 1 1 0 0 1 1 1 1 1 0 1 0 1 1 0 1 1 0 1 0 0 0 1 1 0 1 0 1 0 1 0 0 1 0 0 1 1 1 0 0 1 1 0 1 0 0 1 0 0 1 0 1 0 1 1 0 0 0 0 1 1 1 1 1 0 0 0 0 1 1 0 0 1 0 1 0 1 1 0 1 0 0 0 0 1 1 1 0 1 0 1 1 1 0 0 0 0 0 0 1 0 1 1 1 0 1 0 0 0 1 0 0 0 0 0 1 0 1 0 0 0 0 0 1 1 1 1 0 1 0 1 0 0 1 0 0 0 1 1 1 1 0 0 1 1 0 1 0 1 1 0 1 1 0 0 1 1 1 1 0 0 1 0 0 0 1 0 1 1 1 1 1 0 1 0 1 1 1 1 1 1 1 1 0 0 1 0 0 1 0 0 0 0 0 1 1 0 1 1 0 0 1 1 1 1 1 0 0 1 0 0 0 1 0 0 1 1 0 1 0 0 1 1 0 1 0 0 0 0 1 1 0 0 1 0 1 0 0 1 1 1 0 0 0 1 1 0 0 0 0 0 1 1 0 0 1 1 0 0 0 0 0 1 0 1 1 0 0 0 0 0 0 1 0 0 0 1 0 1 0 1 0 1 0 0 1 1 0 1 1 0 1 0 0 1 1 1 1 1 1 1 0 0 1 1 0 1 0 1 1 0 1 1 1 0 0 1 1 0 1 1 0 0 1 0 1 1 0 1 1 1 1 0 0 0 0 1 1 1 1 1 1 1 0 0 1 0 1 1 1 1 0 1 1 0 1 1 0 1 0 0 1 1 1 0 0 1 1 1 1 1 1 1 1 0 0 1 1 0 0 1 1 0 0 1 0 1 1 1 0 1 0 0 0 0 0 1 0 0 0 0 0 0 0 1 1 0 1 0 0 0 1 1 1 0 0 1 0 0 1 0 1 1 0 1 1 0 1 1 0 1 0 0 1 0 1 0 1 0 1 1 0 0 0 1 1 1 0 1 1 0 1 1 0 0 1 0 0 0 0 1 0 0 1 1 1 1 1 1 0 0 1 0 1 1 1 1 1 1 0 0 0 0 1 1 0 0 1 0 1 0 1 1 1 0 0 0 0 0 0 0 0 0 1 1 1 1 0 1 1 1 1 0 0 1 1 0 1 0 0 1 1 0 1 1 1 0 1 0 1 1 0 1 0 0 0 0 1 1 1 1 0 0 0 0
146 31 693
1 1 1 1 1 1 1 1 1 1 0 0 1 0 0 0 1 1 0 1 0 0 0 1 0 0 0 1 1 1 1 0 1 0 1 1 1 1 0 1 1 0 0 1 0 1 1 1 1 1 0 1 1 0 0 0 0 1 0 0 1 1 0 0 1 1 0 0 0 0 0 1 1 0 1 0 1 0 0 1 1 0 1 1 0 0 1 0 1 0 1 0 0 0 0 1 0 1 1 1 0 0 1 0 0 1 0 1 0 1 1 0 1 1 1 0 1 1 0 0 0 0 1 0 1 0 0 1 1 0 1 0 1 1 1 0 0 0 1 1 0 0 1 1 0 1
1029 246 939
1 0 1 0 1 0 0 1 1 0 0 0 1 0 1 0 0 0 0 0 1 0 0 0 0 0 1 0 0 1 0 1 0 1 1 1 1 0 0 0 0 1 0 0 0 0 1 0 0 1 1 1 0 0 1 0 1 1 0 0 0 1 1 0 0 1 1 1 1 0 1 0 1 1 0 1 1 1 1 1 1 1 1 1 1 0 0 0 1 1 0 1 0 0 1 1 0 1 0 1 0 1 0 0 1 0 1 0 0 0 1 0 1 0 0 0 0 0 1 0 1 0 0 1 1 0 0 1 1 1 1 0 0 1 1 0 1 1 1 1 1 0 1 1 1 1 1 1 1 0 0 0 0 0 1 0 1 0 1 0 0 1 1 0 1 1 0 0 0 1 1 0 0 0 1 0 0 0 1 0 1 1 1 0 0 1 1 1 0 1 1 1 1 1 1 1 0 0 0 0 1 0 0 1 0 0 1 0 0 1 0 1 0 0 0 1 0 0 1 1 1 1 0 0 0 1 1 0 0 0 0 0 1 0 0 0 1 0 1 0 1 1 0 0 1 1 0 1 0 0 1 0 1 1 0 1 0 1 0 0 1 1 0 0 1 0 1 1 0 1 0 0 0 1 0 1 1 0 1 0 0 1 1 0 0 1 0 0 1 0 0 1 0 1 0 1 1 1 0 1 1 1 0 0 0 0 1 0 0 0 0 1 1 0 0 0 0 1 0 1 0 1 0 0 1 1 1 0 1 1 1 0 0 1 1 1 1 0 1 0 0 0 1 1 0 0 1 1 0 0 0 0 1 0 0 1 0 0 0 1 0 0 0 0 1 0 0 0 1 1 0 1 0 0 0 0 0 1 0 1 1 1 0 0 0 1 0 0 0 0 1 0 0 1 1 0 0 0 0 1 1 1 1 0 0 0 1 1 1 1 1 0 1 0 0 1 1 1 1 0 0 0 0 0 0 1 0 1 1 1 1 0 0 1 1 0 1 1 0 0 1 0 1 1 0 1 0 0 0 0 0 0 1 0 0 1 1 0 1 1 1 0 0 0 0 0 0 1 0 0 1 1 0 1 1 1 1 0 1 1 1 1 0 0 0 0 0 0 1 0 1 1 0 1 1 0 1 0 0 1 0 1 1 1 1 1 1 0 1 1 0 0 1 1 1 0 0 0 0 0 0 0 0 1 0 0 0 0 0 0 0 0 0 0 0 1 1 1 1 0 0 0 1 1 0 0 1 1 0 0 0 1 1 1 1 1 0 1 0 0 0 0 0 1 1 0 1 0 0 1 1 0 0 0 0 0 1 0 0 0 0 0 1 1 1 1 1 1 1 0 0 1 1 0 0 1 1 0 0 1 1 1 1 1 0 1 0 1 0 0 1 1 1 1 0 1 0 0 0 1 1 1 0 0 1 1 0 1 1 0 1 1 0 0 1 1 0 1 1 1 1 1 1 0 1 1 1 1 0 1 0 1 1 1 0 1 1 0 0 1 0 0 0 1 1 0 1 0 1 1 0 0 0 1 0 1 0 1 0 0 0 1 1 0 0 0 0 0 0 0 0 1 0 1 1 1 1 0 0 1 0 0 0 1 1 0 1 0 1 1 0 1 0 0 0 0 0 1 0 0 0 1 1 0 1 1 0 0 1 0 1 0 1 0 1 1 0 1 0 1 1 1 0 1 1 1 0 0 1 1 0 0 1 1 0 0 0 1 0 0 0 0 0 0 0 1 1 0 0 1 1 1 0 1 0 1 0 0 1 0 1 0 1 0 0 0 1 0 0 0 1 1 1 0 0 0 0 0 1 0 1 0 0 0 0 1 0 0 0 1 0 0 1 0 1 0 0 1 0 1 1 0 0 0 1 0 1 1 0 0 1 1 0 0 1 0 0 1 1 1 0 1 0 1 0 0 0 1 1 1 0 1 1 1 1 0 1 0 1 0 1 1 1 0 0 0 0 0 1 0 0 0 1 1 1 0 0 0 1 0 1 0 0 0 0 0 0 1 1 1 1 0 0 0 1 0 1 0 0 1 1 0 1 1 0 1 1 0 0 1 1 1 1 1 0 0 1 0 1 0 0 1 0 0 0 1 1 1 1 0 1 1 1 0 0 1 1 1 1 1 0 0 0 0 0 0 0 0 1 1 0 1 0 1 0 0 0 0 1 0 0 0 1 0 1 0 0 0 0 0 1 1 0 0 0 0 0 1 1 1 1 1 1 0 1 0 1 0 0 0 0 0 1 0 1 1 1 0 0 1 0 1 1 0 0 0 0 0 1 1 1 1 1 1 1 0 0 0 0 1 0 0 0 1 1 0 0 1 0
995 721 105
1 0 1 1 0 1 1 0 0 1 1 1 1 0 0 0 0 1 0 0 1 0 0 1 0 1 0 0 1 0 0 0 0 1 1 1 0 0 1 0 0 0 0 0 0 0 1 1 1 1 1 1 0 0 1 0 1 0 0 0 0 0 1 0 0 1 1 0 1 1 1 1 1 0 0 0 0 1 0 1 0 1 1 0 1 0 1 1 1 1 0 0 1 1 0 0 1 1 0 1 1 0 1 0 0 1 1 1 0 0 1 0 1 0 1 0 0 0 0 1 0 0 0 1 1 1 1 1 1 1 0 0 1 0 1 1 1 1 0 0 1 0 0 0 0 0 0 0 0 0 1 0 0 0 0 1 1 0 0 1 1 1 0 1 1 1 1 0 0 1 0 1 1 1 1 0 1 0 0 0 0 1 1 1 1 1 0 1 0 1 0 0 0 0 1 0 1 0 1 0 0 0 1 0 0 1 0 1 0 1 0 0 0 1 0 1 0 0 0 1 1 1 0 1 0 1 1 1 1 0 1 0 0 0 1 1 0 1 0 1 1 1 0 1 0 0 0 0 0 0 1 1 1 0 0 0 1 0 0 0 1 1 0 0 0 0 1 0 0 0 1 0 1 0 0 1 1 1 0 0 1 1 1 0 1 1 0 1 0 1 0 0 1 1 0 0 0 0 0 1 1 0 1 1 0 1 1 1 0 1 0 1 0 1 0 1 1 1 1 0 1 0 0 1 0 1 1 1 1 0 0 1 0 1 1 1 0 0 0 0 1 0 0 0 0 1 1 0 0 0 0 1 1 1 1 0 0 1 0 0 0 1 1 0 1 0 0 0 0 1 1 0 0 0 0 0 1 0 1 1 0 0 1 0 1 0 0 1 1 1 0 1 1 0 0 1 0 0 0 1 1 0 0 1 0 0 0 1 1 0 0 1 1 1 0 0 0 1 1 0 0 1 1 0 0 0 1 1 0 1 0 0 1 1 0 0 0 1 0 0 1 1 1 1 0 0 0 1 1 1 0 0 0 1 1 0 0 1 1 0 1 1 1 1 1 0 0 0 0 1 1 0 1 0 1 0 0 0 0 0 1 1 0 0 1 1 1 0 0 1 1 0 0 1 1 0 1 0 0 1 0 1 1 1 1 0 1 1 1 1 0 0 1 1 1 1 0 0 0 0 0 0 0 0 0 0 0 1 1 1 0 1 1 1 1 1 1 1 0 1 1 0 0 1 1 0 0 1 0 0 0 0 0 1 1 0 1 0 0 0 0 0 1 1 1 1 0 0 1 1 1 1 1 0 1 1 1 0 1 0 1 0 0 1 1 1 1 0 1 1 0 0 1 1 0 0 1 0 0 1 1 1 0 1 0 1 0 1 0 1 1 0 1 1 0 0 0 0 1 0 0 0 1 1 1 1 1 0 0 1 1 1 0 1 0 0 0 1 1 0 0 0 1 0 0 1 0 1 1 1 1 0 1 0 1 1 0 1 0 1 0 1 0 0 0 1 1 0 0 0 0 0 0 0 0 1 1 0 1 0 0 0 1 0 1 1 1 1 0 0 1 0 1 1 0 1 0 1 0 1 0 1 0 1 1 1 1 1 1 1 0 0 0 1 0 1 1 1 0 0 1 1 0 0 0 0 1 1 0 1 1 0 0 1 0 0 1 1 1 1 0 0 0 0 0 1 1 1 1 1 0 0 0 1 1 1 0 1 1 0 0 1 0 0 1 0 0 1 0 1 0 1 1 1 1 0 0 1 0 1 1 0 1 0 0 0 1 1 1 0 0 0 0 0 0 1 0 1 0 0 1 0 1 1 0 0 1 0 0 0 1 0 0 0 1 0 1 1 0 1 1 0 1 1 0 1 0 1 1 1 1 1 1 0 1 1 1 1 0 1 1 0 1 0 0 1 1 0 0 1 0 1 1 1 1 0 0 0 1 1 0 0 0 0 0 1 0 1 0 0 1 0 0 1 0 1 0 0 0 1 1 0 0 0 0 1 1 0 1 1 1 0 1 0 1 1 0 0 0 1 1 0 1 1 1 1 1 0 1 0 0 0 0 0 1 1 0 1 1 1 1 1 0 0 0 1 0 1 0 0 0 0 0 1 0 0 0 1 1 1 1 1 0 0 0 1 1 0 1 0 1 0 1 0 0 1 1 0 0 1 0 1 0 0 0 0 0 0 0 0 0 0 0 1 1 0 0 0 0 1 0 0 0 0 0 1 0 0 1 0 0 1 1 1 0
1117 290 162
0 0 0 0 0 1 0 1 1 1 1 0 1 0 0 1 0 1 0 1 1 0 0 1 0 1 0 1 0 0 0 1 1 0 1 0 0 0 0 0 0 0 0 0 1 1 1 0 0 1 1 0 1 1 0 0 0 0 0 0 0 0 1 1 1 0 0 0 1 1 1 0 0 1 0 0 0 0 1 0 1 0 1 0 1 0 0 1 1 0 0 0 0 1 0 1 1 1 0 0 1 1 0 1 0 1 0 0 0 1 1 1 1 1 1 0 1 1 1 0 0 0 1 1 1 0 1 0 1 0 0 1 0 0 1 0 1 0 0 1 0 1 0 0 0 1 0 1 1 0 1 1 1 1 0 0 1 0 0 0 1 1 0 0 1 1 0 1 1 0 1 1 1 1 0 1 1 0 0 1 1 0 0 0 0 1 1 0 1 1 1 1 0 0 0 0 1 1 0 1 1 0 1 1 1 1 1 0 0 1 0 0 1 0 1 1 0 0 0 1 0 1 1 1 1 0 1 1 0 0 1 1 0 1 0 1 0 1 0 0 0 1 1 1 1 0 1 1 0 1 0 0 0 0 0 1 1 0 0 1 0 0 0 1 0 1 1 1 1 0 0 0 0 0 1 1 0 0 0 0 0 1 1 1 1 1 0 0 1 0 1 0 0 1 0 1 1 1 1 1 1 1 1 1 1 0 0 0 0 1 0 1 0 0 0 0 1 1 0 1 0 0 0 1 0 0 1 0 1 1 0 1 0 0 1 0 0 0 0 0 1 0 0 0 1 0 0 0 1 0 1 0 1 1 0 1 1 0 1 1 1 1 1 1 1 1 1 0 0 0 0 0 0 0 1 1 1 1 1 0 0 1 1 1 0 0 0 0 0 0 0 0 0 0 0 0 0 1 1 0 0 0 1 0 0 0 1 0 1 0 1 0 0 0 1 1 0 1 0 1 0 0 1 1 0 1 1 0 1 0 0 0 0 0 1 0 1 1 1 1 0 0 1 0 0 1 0 0 1 0 1 0 0 0 1 1 0 1 0 0 1 1 1 1 0 0 1 0 0 0 1 0 0 0 0 1 1 0 0 1 1 0 1 1 1 1 1 1 1 0 1 1 1 1 0 1 1 0 0 0 1 1 1 0 1 0 0 0 1 1 1 1 1 0 0 1 0 1 1 1 1 0 0 1 1 0 1 0 1 1 0 0 0 1 0 1 0 0 1 1 0 0 1 0 0 1 1 1 1 1 1 1 0 1 0 0 1 0 0 1 1 1 1 1 1 0 1 0 0 1 0 0 1 0 1 0 0 0 1 0 0 0 0 1 0 0 1 0 0 0 1 1 0 1 0 0 0 0 1 1 1 1 1 0 0 1 0 0 0 0 0 0 0 0 0 1 0 0 1 0 1 1 0 0 0 1 1 1 1 0 1 0 1 1 1 0 1 1 0 0 0 0 0 1 0 1 0 1 1 1 1 1 0 1 1 0 1 1 0 0 1 1 0 0 1 0 1 0 0 1 0 0 0 0 0 1 0 1 1 1 1 1 0 1 1 0 1 0 0 1 1 0 0 1 1 0 0 0 0 0 1 0 0 0 1 0 1 1 0 1 1 0 1 1 0 1 1 1 1 1 1 1 0 1 0 0 0 1 0 1 1 1 0 0 0 0 0 1 1 0 1 0 0 1 0 0 0 0 1 1 1 1 0 1 1 0 0 1 0 1 1 0 1 0 0 0 0 0 1 0 0 0 1 1 1 0 0 0 0 0 0 0 1 1 1 0 1 0 1 1 1 0 0 0 1 1 1 1 0 1 0 1 1 0 1 0 0 1 1 0 0 1 1 0 0 1 0 0 0 1 1 0 1 0 0 1 1 0 0 1 0 1 1 0 1 0 0 1 1 1 1 0 1 0 1 0 1 1 1 0 1 1 1 0 1 0 1 1 1 1 0 0 1 1 0 0 0 0 0 1 0 1 1 0 0 1 1 1 0 0 1 0 0 1 0 0 0 1 1 1 0 0 1 0 1 0 1 0 0 1 1 0 1 1 0 0 0 0 1 1 1 1 1 0 1 0 1 1 0 1 1 1 0 1 1 0 1 0 1 0 0 0 0 1 0 1 0 0 1 1 0 0 1 1 1 0 0 0 1 1 1 1 0 1 0 0 0 1 1 1 0 0 1 0 0 0 0 0 0 0 1 0 0 1 1 0 1 0 1 1 1 1 0 0 0 1 1 0 1 1 1 0 0 1 1 1 1 0 1 1 1 1 0 1 1 1 1 0 0 0 0 0 1 1 0 0 1 1 1 0 1 1 0 1 0 0 0 1 1 0 0 0 1 1 1 1 0 0 1 1 0 1 0 0 0 1 1 1 0 1 0 0 1 1 1 1 1 1 1 0 1 1 0 1 0 0 1 0 0 0 0 0 0 1 1 1 0 0 0 1 0 0 1 1 1 1 1 1 1 0 1 1 0 0 1 1 0 1 0 1 1 0 1 0 1 1 0 1 0 1 1 1 1 1 1 1 1
48 3 15
1 0 0 1 0 0 1 1 0 1 1 0 1 0 0 1 1 1 1 1 0 0 0 0 1 0 0 0 0 1 0 1 1 0 0 0 1 1 1 1 1 0 0 1 1 1 1 1
837 402 704
1 0 1 0 0 1 1 0 1 0 1 1 1 1 0 0 1 0 0 1 1 1 1 1 0 0 0 1 1 1 1 1 1 1 1 0 0 0 1 0 1 0 0 0 1 0 0 1 0 0 0 1 0 1 0 1 1 0 0 0 0 0 1 0 1 0 1 0 1 0 0 0 0 0 0 0 1 1 1 1 1 1 1 1 1 0 1 1 0 1 0 1 0 1 1 1 1 0 0 0 1 1 1 1 0 0 1 1 1 0 0 0 1 1 1 1 0 0 1 0 0 0 1 1 0 0 0 1 1 1 1 1 0 0 1 0 0 0 0 0 0 1 1 1 1 1 1 1 1 1 1 1 1 0 0 0 0 1 0 0 0 1 1 0 0 0 0 0 1 0 0 0 0 0 0 1 0 1 1 0 1 1 1 1 0 1 1 0 0 0 0 1 1 0 1 0 0 1 0 0 1 0 1 1 0 1 0 0 0 1 1 0 1 1 1 1 0 1 0 0 1 0 0 1 0 1 1 0 1 1 0 1 0 1 0 1 1 0 0 0 1 1 1 0 1 0 1 1 1 1 0 1 0 0 0 0 1 1 0 1 1 1 0 0 1 1 0 0 1 0 0 0 1 1 1 1 1 0 1 0 1 0 0 1 1 0 0 0 1 0 0 0 1 0 0 1 1 1 1 1 0 1 1 1 1 1 1 1 0 0 1 0 0 0 0 0 0 0 0 1 0 1 1 1 1 0 0 0 0 0 1 1 1 1 1 1 0 0 0 0 1 1 0 1 1 0 0 1 1 1 0 0 1 0 0 1 1 1 0 0 0 0 0 0 0 1 0 0 0 1 0 1 0 1 0 0 1 0 1 1 0 1 1 0 1 1 0 0 1 0 0 1 0 1 1 1 1 0 1 1 0 0 0 0 1 0 1 0 1 0 0 0 1 1 1 1 0 0 1 0 1 0 1 0 1 0 1 0 0 0 1 1 0 1 1 1 1 0 0 1 1 1 1 0 1 0 1 0 0 1 1 0 1 1 0 0 1 1 0 1 1 1 0 0 0 1 1 0 0 0 0 0 1 0 0 0 0 0 1 0 0 0 1 1 0 1 1 1 0 0 1 0 0 0 0 1 1 1 0 1 1 1 1 1 0 1 0 1 0 1 1 1 1 0 0 1 0 1 0 1 1 1 0 1 0 0 0 0 0 1 1 0 1 1 0 0 0 0 1 1 0 0 1 1 1 1 0 0 0 0 0 1 1 0 1 0 1 1 1 1 0 1 0 0 0 1 1 1 0 0 0 0 1 1 1 0 0 1 1 1 0 0 1 0 0 1 0 0 0 0 1 1 1 0 1 1 0 0 0 0 0 0 0 1 1 0 1 1 1 1 0 1 0 1 0 0 0 1 1 1 0 1 0 1 1 0 0 0 0 0 0 1 0 0 1 1 0 1 0 1 1 0 0 0 0 0 0 1 0 0 0 0 1 0 1 1 0 0 1 0 1 1 0 1 0 0 1 0 1 0 0 0 0 0 1 1 0 0 1 0 1 1 0 1 1 1 1 1 1 1 0 1 1 1 1 0 0 1 1 0 1 1 0 1 0 0 0 0 0 1 1 1 1 1 1 0 1 0 0 0 1 1 0 1 0 1 0 0 0 0 0 0 0 1 0 1 0 0 1 1 1 1 1 1 1 0 1 0 1 1 0 1 0 0 1 1 1 0 0 0 1 0 0 1 1 0 0 0 0 0 0 1 1 1 0 1 1 0 1 0 1 1 0 0 1 1 0 1 1 0 0 1 1 0 1 1 0 1 0 0 0 0 0 1 1 0 0 0 1 1 0 1 1 0 1 1 0 1 0 1 0 0 0 1 1 1 0 0 1 1 0 0 0 0 0 1 1
325 173 806
0 0 0 1 1 0 1 1 1 0 1 1 0 1 1 1 0 0 0 1 1 0 0 0 0 0 0 1 1 1 1 1 1 0 0 0 1 0 0 1 1 0 1 1 0 0 1 1 0 1 1 0 1 0 1 0 0 1 0 1 1 0 1 1 0 1 1 0 0 1 1 1 1 0 0 1 1 0 0 1 1 1 1 0 1 0 1 0 1 1 1 1 1 0 0 1 1 0 1 0 1 1 1 1 0 1 1 0 1 0 1 0 1 0 1 0 1 1 1 0 0 0 0 1 1 1 1 1 1 0 0 1 0 0 0 0 0 1 1 0 0 0 1 1 1 0 0 0 1 1 0 0 1 1 0 0 0 1 0 0 1 1 0 1 1 1 0 1 1 0 1 0 1 1 0 1 0 0 0 0 1 0 0 1 0 1 0 0 0 1 1 0 1 1 0 1 1 1 0 0 1 1 1 1 1 1 1 0 0 1 1 1 1 0 1 1 0 0 1 1 1 0 1 0 1 1 1 0 0 0 1 1 1 0 1 1 0 1 0 0 0 1 0 0 0 0 1 1 1 1 0 0 0 0 0 1 0 1 1 0 1 1 1 1 0 0 0 0 0 1 1 1 1 0 1 0 0 1 1 1 0 1 1 0 0 1 1 1 1 1 1 1 1 0 0 1 0 0 0 1 0 1 1 0 1 1 1 0 1 0 0 1 0 1 1 1 1 0 1 0 0 1 1 1 0
494 106 962
0 1 0 0 1 1 1 0 0 1 1 1 0 1 0 1 1 0 0 1 0 0 0 1 1 1 1 1 0 1 1 1 0 0 1 1 1 1 0 1 1 0 1 0 0 0 0 1 1 1 0 1 0 1 0 1 0 1 1 0 1 1 0 0 0 0 1 0 0 1 0 0 0 0 1 1 1 0 1 1 1 0 0 0 1 1 0 0 1 0 1 0 0 0 0 1 1 0 0 1 1 0 1 1 1 0 1 0 1 1 1 0 0 0 1 0 1 1 1 0 0 0 1 0 0 0 0 0 0 0 0 0 1 0 1 0 0 1 1 0 1 0 0 0 0 1 1 1 0 0 1 0 1 0 0 0 0 1 1 1 0 0 0 0 0 0 1 0 1 1 1 0 0 0 0 0 1 0 0 0 1 0 0 0 1 1 0 0 0 1 1 1 1 1 1 1 0 0 0 0 0 0 1 0 0 1 0 1 0 1 1 0 1 1 1 1 1 1 1 0 0 1 0 1 1 0 0 0 0 0 0 1 0 1 0 0 0 1 1 1 0 0 1 1 0 0 0 0 1 0 0 0 1 0 1 0 0 1 1 0 1 0 1 0 1 1 1 1 0 1 1 0 1 0 0 0 1 0 1 0 0 0 0 0 1 0 1 1 1 0 0 1 1 0 0 0 0 0 0 0 0 0 1 0 1 0 0 1 1 1 0 0 0 0 1 1 1 1 0 1 1 0 0 1 0 0 0 0 1 1 1 1 1 0 0 0 1 1 0 0 0 1 1 1 1 1 0 1 0 0 0 1 0 1 1 1 1 1 1 0 0 0 1 0 0 1 0 1 1 1 1 0 0 1 0 0 0 0 0 1 0 0 0 1 1 0 0 1 1 1 0 1 1 1 1 0 1 1 1 1 1 0 1 0 1 0 0 1 0 1 0 1 1 1 1 1 0 0 1 1 0 1 1 1 0 1 1 0 0 1 1 1 1 0 1 0 0 0 0 0 1 0 1 1 0 0 1 0 1 1 1 1 0 1 0 0 1 1 1 0 1 0 1 0 1 0 1 0 0 1 0 0 1 0 0 0 1 1 0 1 1 1 1 1 0 1 1 1 1 1 0 0 0 1
109 15 744
1 1 0 1 0 0 1 1 1 1 1 0 0 1 0 1 1 0 1 1 1 0 1 0 1 0 1 1 0 0 1 0 1 0 0 0 0 1 0 0 0 1 1 1 0 1 0 0 0 1 0 1 1 1 0 1 0 0 0 1 1 0 1 1 1 1 0 1 1 1 0 0 1 0 0 0 0 0 1 0 0 1 0 0 1 1 1 1 1 1 1 0 1 1 1 0 1 0 1 0 1 1 1 1 0 1 0 1 1
795 363 285
1 0 0 1 0 0 0 0 0 1 0 0 0 1 0 1 1 1 1 1 1 0 1 0 1 0 1 1 0 0 1 1 0 1 1 1 0 0 1 0 1 0 0 0 1 0 0 1 1 1 0 0 0 0 1 0 0 1 0 0 0 1 0 1 0 1 1 0 0 0 0 1 1 1 1 1 1 0 0 0 1 1 1 1 0 1 0 1 1 0 0 1 0 1 0 0 1 0 0 0 0 1 1 0 1 1 0 1 0 0 1 1 1 0 1 1 1 0 0 1 1 1 1 1 0 0 1 0 1 0 1 0 0 1 0 0 0 0 0 0 0 1 1 1 0 1 0 0 0 1 1 1 0 0 0 0 1 1 0 0 1 0 0 1 0 1 0 1 1 0 1 1 0 1 0 0 0 1 0 1 0 0 0 0 1 0 0 0 1 1 0 0 1 0 0 1 0 1 1 0 1 0 1 1 0 1 1 0 1 1 0 0 1 1 1 0 1 1 1 0 0 0 1 0 0 0 0 0 0 1 1 0 1 1 1 0 1 0 0 0 0 1 1 1 1 0 1 1 0 1 1 1 1 0 1 1 1 0 1 1 1 0 1 1 1 1 0 1 0 0 1 1 0 0 1 0 1 1 1 0 0 1 0 1 1 0 1 0 1 0 0 0 1 1 0 1 0 0 0 0 0 1 0 1 1 0 1 1 0 1 0 0 1 0 1 0 0 1 0 0 1 0 0 0 1 1 0 1 0 1 1 1 0 1 1 0 0 1 1 0 0 1 1 1 0 0 1 0 1 1 0 0 0 1 1 0 1 1 0 1 1 1 0 1 1 1 0 1 1 0 1 0 1 1 1 1 0 0 0 0 0 0 1 1 1 1 0 0 1 0 0 1 0 0 0 1 0 0 0 1 0 0 0 1 0 1 1 1 0 0 1 1 1 1 0 0 0 1 0 0 1 1 0 1 0 0 1 0 1 0 1 0 1 1 1 0 0 0 1 0 0 0 0 0 1 1 0 1 1 0 1 1 1 0 0 1 1 0 1 1 0 0 0 0 0 1 0 1 1 0 1 0 0 0 1 1 1 0 1 1 1 0 1 0 1 0 0 1 1 1 1 1 0 1 1 0 1 1 1 0 1 0 0 0 1 0 0 0 0 0 1 0 1 1 1 1 0 1 0 0 1 1 0 1 1 1 0 0 1 0 1 1 1 1 0 0 1 0 1 0 1 0 1 0 1 0 0 0 0 1 1 0 0 0 0 1 0 0 1 0 0 0 1 0 0 1 0 0 1 1 0 1 1 1 0 0 1 1 0 1 0 1 1 0 0 1 1 0 0 0 0 0 0 1 0 1 0 0 1 1 1 1 0 0 1 1 0 1 0 0 1 0 0 0 0 1 1 0 0 0 1 0 1 0 0 0 1 1 1 1 1 0 0 1 1 0 1 0 1 1 0 1 1 1 0 0 1 1 0 0 0 1 1 1 1 0 1 0 1 0 0 1 0 1 1 1 1 1 0 1 0 1 0 0 1 0 0 0 1 0 0 0 1 0 1 0 0 1 1 1 1 0 0 0 1 0 1 1 1 1 0 1 0 0 1 1 0 0 0 0 0 0 1 1 1 0 1 1 1 0 1 0 1 0 1 0 1 0 1 0 0 1 1 0 1 1 1 1 1 0 0 0 1 0 1 0 1 1 1 0 0 1 0 1 0 1 1 1 0 0 0 1 0 1 0 0 1 1 0 0 0 0 1 1 0 1 1 0 0 1 1 0 1 0 1 0 0 1 1 0 0 0 0 1 0
718 317 1041
1 1 1 1 1 0 1 0 1 1 0 0 0 1 1 1 0 0 1 0 1 1 0 0 0 0 0 0 1 1 1 1 0 1 1 1 1 1 1 0 1 1 0 0 1 0 1 0 1 1 1 0 0 0 0 0 0 1 1 0 1 1 0 1 0 0 0 0 0 0 1 1 1 0 0 0 0 0 0 1 0 0 1 0 0 0 1 0 1 0 1 1 0 1 1 0 1 0 0 0 1 1 1 1 0 0 0 1 1 0 1 0 0 0 0 0 1 1 0 0 0 1 0 0 0 0 0 1 0 1 0 0 1 0 1 0 0 1 0 0 1 0 0 1 1 1 0 1 1 1 0 1 0 0 1 0 0 0 0 1 0 0 1 0 0 0 1 1 1 0 1 1 1 0 1 0 0 1 0 0 1 1 1 1 0 0 0 1 1 0 0 0 1 0 1 0 0 0 1 1 1 1 0 0 1 1 1 1 0 1 0 0 0 0 1 1 1 0 1 0 1 1 0 0 1 1 0 0 1 0 0 0 1 0 1 0 1 0 0 1 1 0 0 0 0 0 1 0 0 1 0 1 1 1 0 0 1 0 1 0 0 0 0 0 0 1 0 0 1 0 1 0 1 0 1 1 0 0 0 0 1 0 1 0 0 0 0 1 0 0 0 0 0 1 0 0 0 0 0 0 1 0 1 1 0 1 0 0 0 1 0 1 0 0 0 1 1 1 0 1 0 0 0 1 0 0 0 1 1 1 0 0 1 1 0 0 1 0 0 1 0 1 1 0 0 0 0 0 1 0 0 0 1 1 0 1 0 1 0 1 0 1 0 1 1 0 0 1 1 0 1 1 1 0 0 0 1 0 1 1 1 0 1 1 0 0 0 1 0 0 0 1 0 0 0 1 0 1 0 0 0 1 1 0 0 0 0 1 0 1 0 1 1 0 1 1 0 1 0 0 1 0 0 1 1 1 0 1 1 1 0 1 1 1 0 0 1 0 1 1 0 1 0 0 0 1 0 0 1 1 0 0 1 0 0 1 0 0 0 0 0 0 0 0 1 1 1 0 0 1 1 1 1 0 1 1 0 0 1 0 0 0 0 1 1 0 1 1 1 1 0 0 1 0 0 0 0 1 1 1 1 1 1 1 1 1 1 0 0 0 1 0 1 0 0 1 0 0 1 1 0 0 0 1 1 0 0 1 0 1 0 1 0 1 0 1 1 1 0 1 0 0 0 1 0 0 0 1 0 1 1 1 1 1 1 0 1 1 0 0 1 1 1 0 1 0 0 1 0 0 1 1 0 0 0 1 0 1 1 0 1 0 1 0 0 0 0 0 1 1 1 1 0 1 0 1 1 1 1 1 0 0 1 1 0 0 0 0 0 1 0 1 1 1 1 0 1 0 1 1 1 0 1 0 0 1 1 1 0 1 0 1 1 0 0 0 0 1 1 1 0 1 1 0 1 0 1 1 1 1 1 1 0 1 1 1 0 0 0 0 0 1 0 0 0 1 1 0 0 1 1 1 0 0 0 1 0 0 1 0 0 0 0 1 1 1 0 0 0 1 1 0 0 1 1 1 1 1 1 1 1 1 1 0 1 1 0 1 1 0 1 0 0 0 0 0 0 0
391 129 1024
0 0 0 1 0 1 0 1 0 0 1 1 0 1 0 0 1 0 0 0 0 0 1 0 1 0 0 1 1 1 1 1 1 0 1 1 0 1 1 1 1 0 1 0 0 1 0 1 1 0 1 1 0 0 0 1 1 1 1 1 0 0 0 1 1 1 1 0 0 0 1 0 1 0 0 1 1 1 1 0 1 0 1 1 1 0 1 1 0 1 0 1 1 0 1 1 0 1 1 1 0 0 0 1 0 0 0 1 1 1 1 0 0 1 0 0 0 0 0 1 1 0 0 1 1 1 0 1 1 1 1 1 0 1 1 1 0 0 0 0 1 1 0 0 0 1 0 1 1 0 0 1 1 1 1 1 1 1 1 1 1 0 1 0 0 0 1 1 0 0 0 1 0 0 1 0 1 1 1 1 0 0 0 1 0 1 1 0 0 1 0 1 0 0 0 0 0 0 0 1 1 0 0 1 1 0 1 0 0 0 0 0 0 0 0 1 1 0 1 0 0 1 1 1 0 0 1 0 0 1 0 1 1 0 0 0 0 1 0 1 0 0 0 0 1 0 0 1 1 0 1 0 1 1 0 1 0 0 0 1 1 1 0 0 0 1 0 0 1 0 1 0 1 1 1 1 0 1 0 1 0 0 0 1 1 1 0 0 1 0 1 1 1 1 0 0 1 1 0 1 1 0 0 1 0 0 0 0 0 1 0 0 0 1 1 1 1 1 1 0 1 0 0 1 1 0 1 0 1 1 1 0 0 1 1 0 0 0 0 0 1 0 0 0 0 1 0 0 0 1 0 0 0 0 1 1 1 0 0 1 0 0 1 0 1 1 1 0 0 1 1 0 1 1 1 1 0 0 1 1 0 0 1 0 1 0 0 1 1 1 0
1058 833 155
0 1 1 1 1 0 1 1 1 0 1 1 1 0 0 1 0 1 1 0 0 0 1 1 1 0 1 0 0 0 0 1 1 0 0 0 1 0 0 1 1 0 0 0 0 0 0 1 1 0 0 0 1 0 0 1 1 1 1 0 1 1 1 1 1 1 0 0 1 0 1 0 1 1 0 1 1 1 0 0 0 0 0 1 0 0 0 0 1 0 1 1 0 1 1 1 0 0 0 0 0 1 1 0 1 1 1 1 1 0 0 1 1 0 1 1 1 0 0 1 1 1 0 1 1 0 1 0 1 1 0 0 1 0 0 1 1 1 0 0 0 1 1 0 1 1 0 0 1 1 0 1 0 0 0 1 0 0 1 1 1 0 0 0 0 1 0 0 1 0 0 0 1 0 1 1 1 1 1 1 0 1 0 0 0 1 0 0 0 0 1 0 0 1 0 1 1 0 0 1 1 0 1 1 0 0 1 1 1 0 0 1 1 1 0 1 1 0 0 0 1 0 0 1 0 1 0 0 1 1 1 0 0 1 1 0 1 0 0 1 1 1 0 0 0 0 0 1 0 0 0 1 0 1 1 1 1 0 0 0 1 0 1 1 0 1 1 0 1 1 0 1 0 1 0 0 1 0 0 1 0 1 1 0 0 0 0 0 0 1 1 1 1 1 1 0 0 1 0 1 1 1 1 1 1 0 0 1 0 1 1 0 1 1 0 0 1 0 1 1 0 0 1 1 1 0 0 1 1 0 0 0 0 0 1 0 0 0 0 0 1 1 0 1 1 1 0 1 1 0 1 0 1 1 1 0 0 0 1 1 1 1 1 0 0 0 1 1 1 0 0 0 0 1 1 0 1 0 1 1 1 1 1 1 0 0 0 1 1 0 1 1 0 0 0 1 1 0 0 0 1 1 0 0 0 0 0 0 0 0 1 1 0 0 1 0 1 1 0 1 0 0 1 1 1 1 0 1 1 1 0 1 0 1 0 0 1 0 0 1 0 1 0 0 0 1 1 1 0 0 1 0 1 0 1 1 0 1 1 0 1 1 0 0 1 0 1 0 0 0 1 0 1 0 1 0 1 0 0 0 1 0 0 0 1 1 0 0 1 0 1 1 0 0 1 1 1 1 1 1 0 1 0 1 0 0 1 1 1 0 1 0 0 1 0 0 1 0 0 1 0 1 1 1 0 1 1 0 0 1 0 1 1 1 0 0 0 1 0 0 1 1 0 1 1 1 1 1 1 1 1 0 1 1 0 0 1 1 0 1 0 0 1 1 1 0 1 0 1 0 1 0 0 0 1 0 1 1 1 1 1 1 0 1 0 0 0 1 0 0 0 1 0 0 1 0 0 0 1 0 0 1 1 1 1 0 1 0 0 0 0 1 0 0 0 1 0 0 1 1 0 1 0 1 1 0 0 0 1 0 1 1 1 0 0 1 0 1 1 1 0 0 1 1 1 0 1 0 1 0 0 0 1 0 1 1 1 0 0 1 1 1 0 1 0 0 0 1 1 1 0 1 0 0 1 1 0 0 0 1 0 0 0 0 0 1 0 0 0 1 0 0 0 1 0 0 0 0 1 0 1 1 1 1 1 1 1 0 1 1 0 1 0 0 1 1 1 0 1 0 1 0 1 1 1 1 1 0 0 0 0 0 0 0 1 1 1 1 1 1 1 1 0 0 1 0 1 0 0 1 0 1 1 1 1 1 1 0 0 0 0 0 0 1 1 0 1 1 1 0 1 1 1 0 1 0 1 0 1 0 1 0 0 0 0 0 1 1 0 0 0 1 0 1 1 0 1 1 1 1 0 0 0 1 1 1 0 0 1 0 0 1 0 0 1 0 0 0 1 0 0 1 1 1 0 0 0 0 0 0 1 1 0 0 0 0 1 1 1 1 1 1 0 0 1 1 0 1 0 0 1 1 1 0 1 1 0 0 0 1 0 1 0 1 1 1 0 1 0 0 1 1 1 1 1 0 1 1 1 1 1 1 0 1 0 1 1 1 0 0 1 1 0 1 1 0 1 1 1 0 1 0 0 0 1 1 0 1 0 1 0 1 1 0 1 1 0 0 1 1 0 1 1 1 1 1 0 0 1 1 1 0 0 0 0 1 1 0 0 1 0 0 1 0 0 0 0 1 1 1 1 1 1 0 0 1 1 0 0 0 0 1 0 1 1 1 0 1 1 0 1 0 0 0 0 0 1 0 1 1 0 0 1 1 0 1 1 0 0 1 1 1 0 1 1 1 1 1 1 0 0 1 1 1 1 0 1 1 1 0 0 0 0 1 1 1 1 1 1 1 1 1 1 1 0 1 0 1 1 0 1 0 0 0 1 1 1 0 1 0 0 0 1 0 1 1 1 0 1 0 0 0 0 1 1 0 0 1
818 717 16
1 1 0 0 1 0 0 0 0 0 0 0 1 0 0 1 0 0 0 0 0 1 1 1 1 0 0 0 1 0 0 1 1 0 0 1 0 0 1 1 0 1 1 0 0 0 1 0 1 1 1 0 0 0 1 0 1 0 0 0 0 1 0 0 0 1 1 1 1 1 1 1 0 1 0 0 1 1 1 1 0 0 0 0 1 1 1 1 0 1 1 0 0 0 0 1 0 1 0 0 0 0 0 0 0 0 1 1 0 1 0 1 1 1 0 1 1 0 1 0 0 0 1 0 0 0 0 0 0 1 0 0 1 0 0 1 1 0 0 0 0 1 1 0 0 1 1 1 0 1 1 0 0 0 1 1 0 1 1 1 1 1 0 0 1 1 1 0 1 1 0 0 0 0 0 1 1 0 0 0 1 0 0 0 1 1 0 1 0 0 0 1 1 0 1 1 0 1 0 1 0 0 0 0 0 0 0 1 0 1 1 1 1 0 1 0 1 1 0 0 0 0 0 1 0 0 0 0 1 1 0 0 1 0 0 1 0 1 0 0 0 1 0 1 0 1 0 0 0 1 1 1 0 1 0 1 1 1 1 1 1 1 1 1 1 1 0 0 1 0 1 0 1 0 1 0 1 0 1 1 1 0 0 1 0 1 1 1 1 0 0 0 0 0 0 0 0 0 1 1 0 0 0 1 0 0 0 1 0 1 1 1 1 0 1 0 1 1 0 0 0 0 0 0 0 1 0 0 1 0 0 0 1 1 0 0 0 0 1 0 1 0 1 1 0 1 0 1 1 1 1 1 0 1 0 1 0 0 1 1 0 1 1 0 0 0 0 0 1 1 1 1 1 1 1 0 0 0 1 1 0 0 1 0 0 0 0 0 0 1 1 1 1 1 0 0 0 1 0 1 1 1 0 1 1 0 1 0 0 0 0 0 1 1 0 1 1 0 0 0 0 1 0 1 1 1 0 0 0 0 0 0 0 0 0 1 1 1 0 1 0 1 1 0 1 1 0 1 1 0 1 1 0 1 1 0 1 1 0 0 0 0 1 0 1 1 0 1 1 1 1 0 1 1 1 1 0 1 0 1 0 1 1 1 0 1 1 0 0 1 0 1 0 0 1 1 1 0 1 1 0 0 0 1 0 1 0 0 1 0 1 1 1 0 1 0 0 1 0 0 0 1 0 0 1 0 1 1 0 0 1 0 1 1 1 1 0 0 1 0 1 1 1 1 1 1 0 1 1 0 1 0 1 1 0 1 1 0 0 0 1 0 1 1 1 0 1 1 0 0 1 1 0 0 1 0 0 1 0 1 1 1 1 0 1 1 0 0 1 0 0 1 1 1 0 0 0 1 1 0 1 0 0 0 0 1 1 1 0 0 1 1 1 1 0 1 1 0 0 0 0 0 1 1 0 0 1 1 0 0 1 1 0 0 0 1 1 1 1 0 0 0 0 1 0 1 0 0 0 0 1 1 0 0 0 0 0 0 1 0 1 1 1 1 1 0 1 0 0 0 0 1 1 0 0 1 0 0 1 0 0 0 1 0 1 1 1 1 1 0 1 1 0 0 0 1 0 1 0 1 0 1 1 1 1 1 1 0 1 1 0 0 1 1 0 0 0 1 0 1 0 0 1 0 0 0 1 1 0 0 0 0 1 1 0 1 1 1 1 0 0 0 0 1 0 1 1 1 0 0 1 0 0 0 0 0 1 1 0 1 1 1 0 1 0 0 1 1 1 1 1 0 1 1 1 0 0 0 1 1 1 1 0 0 1 1 0 1 1 1 1 0 0 0 0 1 1 0 0 1 1 0 0 0 0 1 0 1 1 0 0 1 1 1 1 1 0 0
337 95 306
1 1 0 0 0 0 0 0 0 1 0 0 1 0 1 1 1 0 1 0 0 0 0 1 0 1 0 0 1 0 1 0 0 1 0 1 0 1 0 1 0 0 1 1 1 1 0 0 1 1 0 1 1 0 0 0 0 1 0 1 0 0 0 0 0 1 1 1 0 1 0 0 0 0 0 0 1 0 0 1 1 1 0 0 1 1 1 0 0 1 1 1 0 1 0 1 0 1 1 1 0 1 1 1 0 1 1 1 1 1 0 1 0 0 0 1 1 1 0 1 1 1 0 0 1 0 1 0 1 0 0 0 1 1 1 1 0 1 1 1 0 1 1 0 1 1 1 0 0 0 0 0 1 0 0 1 0 0 0 0 1 1 1 0 0 1 1 0 0 1 1 1 0 1 1 1 0 1 1 1 0 1 1 0 1 0 1 1 0 1 0 1 0 0 1 1 1 1 0 1 1 0 1 1 1 1 1 1 1 0 1 1 1 1 1 1 1 0 1 1 1 1 1 0 0 1 0 0 0 1 0 0 1 0 1 1 0 1 0 0 1 1 1 0 1 0 1 1 1 1 1 1 1 0 1 1 0 1 0 1 0 1 1 1 1 1 0 0 0 1 0 0 1 1 1 0 1 0 0 1 0 1 1 1 1 1 1 0 1 1 1 1 0 0 1 0 0 0 1 1 1 1 1 0 1 0 0 0 0 0 0 0 1 0 1 0 0 1 0 0 1 1 0 1 0 0 1 1 0 0 0 0 0 1 0 0 1
747 521 79
1 1 1 0 1 1 1 0 0 0 0 0 1 1 0 0 0 0 0 0 1 1 1 1 0 1 1 0 0 1 1 1 0 1 0 1 1 0 1 0 1 1 0 0 0 0 0 1 0 1 0 0 0 0 0 1 0 0 0 0 1 0 0 1 1 1 1 0 0 1 1 0 0 0 0 0 0 1 0 1 0 1 0 1 1 1 1 1 1 1 1 0 0 0 0 1 1 1 1 0 1 0 0 0 1 1 0 0 1 1 0 1 0 0 0 1 0 0 0 1 0 0 0 0 1 1 1 1 0 1 1 1 0 1 0 0 1 0 1 0 1 1 1 1 0 1 0 1 1 1 1 1 1 1 1 1 1 0 0 1 1 0 1 1 0 0 0 0 1 1 0 0 1 0 1 1 1 0 0 0 0 0 1 0 1 1 1 1 1 0 0 1 0 1 1 1 1 0 0 0 0 0 1 1 0 1 1 0 0 1 0 0 1 1 1 1 0 1 0 1 1 1 1 1 1 0 1 1 1 1 0 1 1 0 0 1 0 0 0 0 1 0 0 0 1 1 1 0 0 1 1 0 1 1 1 0 0 1 1 0 1 0 0 1 1 1 0 0 0 1 0 0 1 1 1 1 0 0 1 1 0 1 1 0 0 0 1 0 1 1 1 1 0 0 0 1 1 1 0 1 0 1 1 1 0 0 1 1 1 0 0 1 1 0 0 1 1 1 0 1 0 1 1 0 0 1 0 1 1 1 0 1 0 1 0 1 0 0 0 0 1 0 1 1 1 0 0 0 0 1 0 0 0 1 0 1 1 1 1 1 1 0 0 0 0 1 0 0 0 1 1 0 0 1 0 1 1 0 0 1 1 0 0 0 1 1 1 0 0 1 1 1 0 0 0 0 0 1 1 1 1 0 1 0 0 1 1 1 1 1 0 1 1 1 0 1 0 0 0 1 0 0 1 1 1 0 0 0 0 0 1 1 1 0 0 1 0 0 1 0 1 1 0 1 1 0 0 0 0 1 1 0 1 0 1 1 0 0 0 1 1 1 1 0 0 1 1 1 1 1 1 1 1 0 0 0 1 1 0 1 1 1 1 1 0 1 1 0 1 0 1 1 1 0 1 0 1 1 1 1 1 1 1 0 1 1 0 1 1 0 0 0 1 1 1 1 1 1 1 0 1 0 1 0 1 1 1 0 1 0 1 1 0 0 1 1 1 1 0 1 0 1 0 0 0 0 1 1 0 1 1 0 0 0 0 1 1 1 1 0 0 1 0 1 0 1 0 0 0 0 1 0 0 0 1 0 1 1 1 1 0 0 1 1 1 0 1 1 1 1 1 1 0 1 1 1 0 0 1 1 0 0 1 1 0 0 1 1 1 0 0 1 0 1 0 1 1 1 1 0 1 1 1 0 0 0 0 1 1 1 0 0 1 0 1 1 1 1 0 1 0 0 0 0 1 0 0 0 0 1 0 1 1 1 0 0 1 1 0 1 0 1 1 1 0 1 0 0 1 0 1 0 1 1 0 1 0 1 0 0 0 0 0 0 1 0 1 0 1 1 1 0 1 1 1 1 0 1 0 0 0 1 1 0 1 1 1 0 0 1 0 0 0 1 0 1 0 1 0 1 0 0 0 0 0 0 1 1 1 0 1 0 1 0 0 0 0 1 1 1 0 0 0 1 1 1 1
754 347 1054
1 0 1 0 1 0 0 0 1 1 0 1 1 0 1 1 1 1 0 0 0 1 0 1 0 1 1 0 1 1 0 1 1 1 1 0 0 0 1 1 1 1 1 0 1 1 0 0 0 1 0 0 1 1 1 1 0 1 0 1 0 0 0 1 0 0 0 0 0 0 0 1 0 0 0 1 0 0 0 1 1 0 0 1 1 1 1 0 0 0 1 1 1 1 0 1 1 0 0 0 0 1 0 1 1 1 1 0 1 0 0 1 1 1 0 0 0 1 0 0 1 0 0 1 1 1 0 1 1 1 0 0 1 0 1 0 0 0 0 1 0 0 1 0 1 1 0 0 0 0 1 0 1 1 0 0 0 1 0 1 0 0 1 0 1 0 1 0 0 0 1 0 1 1 1 1 1 0 0 1 0 1 1 1 1 1 0 1 1 1 0 0 0 0 1 0 0 1 1 1 1 1 1 0 1 1 0 0 1 1 0 1 1 0 0 1 1 1 1 0 0 0 1 1 0 1 1 1 0 1 1 0 1 1 0 0 0 1 1 1 1 0 1 1 1 1 1 0 1 0 0 0 1 0 1 0 0 1 1 1 0 0 1 0 1 1 0 0 1 0 1 0 1 1 1 0 0 1 0 0 1 0 0 1 1 1 0 1 1 1 1 1 1 1 1 1 0 0 0 0 1 0 0 1 1 0 1 0 1 0 1 0 1 0 0 0 1 0 1 1 0 0 0 0 1 1 1 0 0 0 1 1 0 1 0 0 0 1 1 1 1 1 1 1 1 1 0 1 1 0 1 1 0 0 1 0 1 0 1 1 1 1 1 0 0 0 0 0 0 0 0 0 0 1 1 0 0 1 0 0 1 1 0 1 0 1 0 1 1 1 0 0 0 0 1 1 1 0 1 1 1 0 1 0 0 0 1 1 0 0 1 0 0 1 1 1 1 0 1 1 1 1 0 0 0 0 1 0 0 1 1 0 0 1 1 1 0 0 1 0 0 1 0 0 1 1 1 0 0 1 1 1 1 0 0 0 1 1 1 0 0 1 0 1 0 1 1 0 1 0 0 0 0 0 1 1 0 0 0 1 1 1 1 0 1 0 1 1 1 1 1 1 0 0 1 0 1 1 0 1 1 1 1 1 0 1 0 1 1 0 0 0 0 1 1 0 1 1 1 0 1 1 1 0 0 1 1 1 0 0 0 0 0 1 1 0 0 0 0 0 0 0 1 1 0 0 1 0 0 0 0 0 0 0 1 0 0 1 0 0 1 0 0 0 1 0 0 0 0 1 1 0 1 0 0 1 1 1 0 1 0 0 1 0 0 0 0 1 1 1 0 1 0 0 1 0 0 1 0 1 0 0 0 0 0 0 0 1 0 1 1 1 0 1 1 0 1 1 0 1 1 1 0 1 0 0 1 0 0 1 1 1 1 0 0 1 0 1 1 1 0 1 0 0 0 0 0 1 0 0 1 1 1 1 1 0 0 0 0 0 0 0 0 1 1 1 1 1 1 0 0 1 1 1 1 1 0 1 0 1 0 0 0 0 1 0 1 1 1 0 0 1 1 0 0 1 1 0 1 1 1 1 0 0 1 1 1 0 1 0 1 0 1 1 0 0 0 0 0 0 1 0 0 0 0 0 1 0 0 1 1 1 1 0 1 1 1 0 1 1 0 1 0 1 1 1 1 1 1 0 1 1 0 0
1100 892 1036
1 1 1 0 0 0 1 0 0 1 0 0 1 1 0 0 0 0 1 1 1 0 0 1 1 1 0 0 1 0 0 0 1 1 1 1 1 0 0 0 0 0 1 0 0 1 1 1 1 0 0 0 0 1 0 1 1 0 1 0 1 1 0 0 0 0 1 1 0 1 1 1 1 1 1 1 1 1 0 1 1 0 1 0 0 0 1 0 0 0 0 1 0 0 0 0 1 0 0 1 1 0 1 0 0 1 1 1 1 1 0 0 0 0 0 1 1 1 1 0 0 0 0 1 1 0 1 1 1 0 1 0 1 1 0 0 0 0 1 1 0 1 1 1 1 1 1 0 0 0 1 0 0 1 1 0 1 1 0 0 0 0 0 0 0 1 0 1 0 1 1 0 1 1 0 1 0 1 1 0 0 1 1 1 1 1 0 1 0 0 0 1 0 0 1 0 1 1 1 1 0 1 0 1 1 0 0 0 1 1 1 1 1 1 0 1 0 0 1 1 1 1 0 0 0 1 1 1 1 0 0 1 1 1 1 0 0 1 1 1 1 0 0 1 1 0 1 0 1 1 0 0 0 0 0 0 1 0 0 1 0 1 0 0 1 0 0 1 0 0 1 0 1 0 1 1 1 0 1 1 0 1 1 1 1 1 1 0 1 1 1 0 0 1 1 0 0 1 1 1 0 0 0 1 0 1 1 0 0 0 1 0 0 0 0 0 1 0 1 0 0 0 1 0 1 1 0 0 1 0 1 0 1 1 1 0 0 0 1 0 0 1 0 1 1 0 1 1 1 1 0 0 1 1 0 0 0 1 1 0 1 0 1 1 1 1 1 1 1 1 1 1 1 1 1 0 0 0 1 0 0 1 1 1 0 0 0 1 0 1 0 0 0 1 1 1 0 1 1 0 1 0 0 0 0 1 0 1 0 1 0 1 0 0 1 1 0 1 0 1 1 0 1 1 0 0 1 0 0 0 1 0 1 1 0 0 0 1 1 0 1 1 1 0 1 1 0 1 0 1 0 1 0 1 0 0 0 1 0 0 0 0 1 1 0 0 1 1 1 1 1 0 1 0 0 0 1 1 0 0 0 0 0 0 0 0 1 1 1 0 1 0 1 1 0 0 0 1 0 1 1 1 1 1 0 1 1 1 1 0 0 0 0 0 0 0 1 1 1 0 1 1 0 1 0 0 0 1 0 1 0 1 1 1 1 0 1 0 0 1 0 0 1 1 1 0 0 1 1 1 0 0 1 0 1 1 1 0 0 0 1 0 1 0 0 1 1 0 1 0 1 1 0 1 1 0 0 1 0 1 0 0 0 0 1 1 1 0 0 1 0 0 1 1 0 0 0 0 0 1 1 0 0 0 1 0 0 0 0 1 1 1 1 1 0 0 1 1 1 1 0 1 1 0 0 1 1 1 0 0 0 1 1 0 0 0 0 0 1 1 0 0 0 0 1 1 1 0 0 0 1 0 0 1 0 1 0 0 0 0 0 1 0 1 1 0 1 1 0 1 1 1 1 1 1 0 0 0 1 0 1 1 1 1 0 0 0 1 0 0 0 0 0 0 1 1 0 1 0 0 1 0 0 1 0 1 0 0 1 0 1 0 0 0 0 0 0 0 0 0 1 0 0 1 1 0 1 1 0 0 1 0 0 0 0 0 1 0 0 1 1 0 1 0 1 1 1 1 1 1 1 0 1 0 0 1 0 1 0 1 0 1 0 1 1 1 0 0 0 1 1 1 0 1 1 1 0 0 0 0 1 0 1 0 1 1 0 1 1 0 1 1 1 0 1 0 0 1 1 1 0 0 0 0 0 1 1 1 1 1 1 0 1 0 1 1 1 0 0 0 0 1 1 1 1 0 0 1 1 1 1 0 0 1 0 0 0 0 1 0 0 0 1 0 0 1 0 1 1 0 0 0 0 0 0 0 0 0 1 0 0 1 1 0 0 1 1 0 0 1 1 1 0 0 1 0 0 1 0 1 1 0 0 1 0 1 0 0 0 1 1 1 1 1 1 1 0 1 1 1 0 0 0 1 1 1 1 0 1 1 1 1 1 1 1 0 0 0 0 0 0 0 0 0 1 1 1 1 1 1 1 1 0 0 0 0 1 0 1 1 0 0 0 1 1 0 1 0 0 1 1 1 1 0 1 1 0 1 0 1 0 1 1 1 0 0 0 0 1 1 0 1 0 0 1 1 0 1 0 1 1 1 1 1 0 0 0 1 0 1 1 1 1 1 1 0 0 1 0 0 0 0 1 1 1 1 0 1 0 0 1 1 0 0 0 0 1 0 1 0 0 0 0 0 0 1 1 0 1 0 0 1 0 0 0 0 1 0 1 1 0 0 1 1 1 0 1 1 0 0 0 0 1 0 1 1 0 1 1 1 1 0 1 1 1 0 1 0 0 0 0 0 0 1 0 0 0 0 0 0 0 1 1 0 1 0 1 1 0 0 1 1 1 0 0 0 0 1 1 1
392 344 61
0 0 0 0 0 0 1 0 1 1 0 0 1 1 0 1 1 0 0 0 1 1 0 0 1 0 1 1 0 1 0 1 1 1 0 0 1 0 1 0 0 0 1 0 1 1 0 1 0 0 1 0 0 1 0 1 1 1 0 1 1 1 1 0 0 0 1 1 0 0 1 0 1 0 0 1 1 1 0 1 1 1 0 0 0 1 1 1 0 1 0 1 1 1 0 1 0 0 1 1 0 0 1 0 0 1 0 0 1 1 0 1 0 1 0 1 0 1 0 0 1 1 0 0 1 1 0 1 1 1 0 1 1 1 1 0 0 1 0 1 1 1 0 1 1 1 1 1 1 1 1 1 0 0 1 1 0 0 0 0 0 1 1 1 1 0 1 0 1 1 0 0 0 1 1 1 1 0 1 0 1 0 0 1 1 0 1 0 1 1 0 0 0 0 1 1 1 1 1 0 0 1 0 1 1 0 1 1 1 0 1 1 0 0 0 0 1 0 1 1 1 0 0 1 1 1 1 1 0 0 1 0 0 1 1 0 1 0 1 0 1 1 0 1 0 0 1 1 1 0 0 1 1 1 1 0 1 1 1 1 0 0 0 1 1 1 0 1 1 1 0 1 1 0 0 0 0 0 0 0 1 0 0 1 1 1 0 0 0 0 1 1 1 0 0 0 1 1 1 1 0 0 0 0 0 0 0 0 1 0 0 1 1 1 1 1 1 0 1 1 1 1 0 0 0 0 1 1 0 1 0 0 1 0 1 0 1 1 0 0 1 0 1 1 0 0 1 1 0 1 0 0 1 1 0 0 0 0 0 0 1 0 0 1 0 1 1 1 0 1 0 0 1 0 1 1 1 0 1 0 0 1 0 0 0 1 0 1 1 1 0 0
502 489 1057
0 0 0 1 1 1 1 1 0 0 0 1 0 1 0 0 1 0 0 0 1 1 0 1 0 1 0 1 0 1 0 0 1 1 1 0 1 1 0 0 0 0 1 0 0 1 1 0 0 1 0 0 1 0 1 1 0 1 0 0 0 1 1 0 0 1 0 1 0 0 0 1 0 1 1 0 1 0 0 0 1 1 0 0 1 1 0 0 1 0 0 1 0 1 1 1 1 1 0 0 0 1 1 0 0 0 1 1 1 1 1 1 1 0 1 0 1 0 0 1 1 0 1 0 1 0 0 0 0 0 0 1 1 1 0 1 1 1 0 0 1 0 1 1 1 1 1 0 1 1 1 0 1 1 0 1 1 0 1 1 0 0 1 1 0 0 0 0 1 0 0 1 0 0 0 0 1 1 0 0 1 0 0 1 0 0 1 0 1 0 0 0 1 0 1 0 0 0 1 1 1 1 1 1 0 1 0 0 1 0 0 0 1 0 1 0 0 0 0 1 0 1 1 0 1 0 0 1 1 0 1 1 0 0 1 1 0 1 0 0 0 0 0 1 1 1 0 1 0 1 0 1 0 1 0 0 1 0 0 0 1 1 1 0 0 1 1 0 0 1 1 1 1 1 1 0 0 1 1 0 0 1 0 0 1 0 1 0 0 1 0 1 1 1 0 0 1 1 0 1 0 0 1 1 0 0 0 1 0 1 0 0 0 1 0 0 0 0 0 0 0 0 1 0 0 0 0 0 0 0 0 1 0 0 0 1 1 0 1 1 0 0 1 1 1 0 1 0 0 0 0 1 0 0 1 1 0 1 1 1 0 1 0 1 0 1 1 1 1 0 0 0 1 0 1 0 0 0 1 1 1 1 1 0 1 1 0 0 1 1 0 1 1 0 1 1 0 0 1 1 1 0 0 0 1 0 0 0 0 1 0 1 1 1 0 1 1 1 1 0 0 0 0 0 1 1 1 1 1 0 0 1 1 0 0 0 0 1 0 1 1 0 1 1 1 1 0 0 0 0 1 1 0 0 1 1 0 0 0 0 1 1 1 1 1 1 0 1 0 1 0 1 1 0 1 1 0 0 1 0 0 1 0 0 1 0 1 1 1 1 0 1 0 1 0 1 0 1 0 1 0 0
680 474 311
1 0 1 0 0 1 1 0 1 1 0 0 1 1 0 1 0 0 0 1 1 1 0 1 1 1 0 1 0 1 0 1 1 0 1 1 1 1 0 1 0 0 1 1 1 0 1 1 0 1 1 1 0 1 0 0 0 1 1 0 0 1 0 1 1 0 1 0 0 1 0 1 0 1 1 0 0 0 0 1 1 0 1 0 0 1 0 1 0 1 1 1 1 0 1 0 0 1 1 1 1 1 1 1 0 0 0 0 1 1 1 1 0 1 0 1 0 1 0 1 1 0 0 0 1 0 1 0 0 1 0 0 0 1 1 0 1 1 1 0 1 0 1 0 1 0 1 0 0 1 0 1 0 0 0 0 1 1 1 0 1 0 0 1 1 1 1 0 1 0 1 0 0 1 1 0 0 0 1 1 0 0 0 1 0 1 0 1 1 1 0 1 0 1 1 0 0 1 0 1 1 0 0 0 0 1 0 0 1 1 0 0 1 1 0 1 1 0 1 0 1 1 1 1 0 1 0 1 1 0 0 1 1 1 1 1 0 1 1 1 0 0 0 1 0 1 0 0 1 0 1 1 1 0 0 1 1 0 0 1 1 0 1 1 1 1 1 0 0 1 1 1 1 1 0 0 1 1 1 1 1 1 0 0 1 0 1 1 1 0 1 1 0 0 0 0 1 1 0 1 0 1 1 0 1 0 1 0 0 0 1 0 1 1 1 1 1 0 1 1 1 0 0 1 1 1 0 0 1 0 0 0 0 1 1 1 0 1 1 1 0 1 1 1 1 0 1 0 0 0 0 0 0 1 1 1 1 1 1 0 1 0 0 1 0 1 0 1 1 0 0 0 0 0 1 1 1 1 0 1 0 0 1 1 0 1 0 0 0 0 1 1 0 0 0 0 0 1 0 0 0 1 1 1 1 0 1 1 1 1 0 1 1 0 1 1 1 0 1 1 0 1 1 1 0 0 0 1 1 1 1 0 1 1 0 0 0 1 1 1 1 1 0 0 0 0 0 1 0 1 0 0 0 0 0 0 1 0 0 0 0 0 0 1 0 0 0 0 0 1 1 1 0 1 1 1 0 0 0 0 0 1 1 1 0 1 0 0 0 0 0 0 1 1 0 0 1 1 0 0 0 1 1 0 1 1 1 1 1 1 0 1 1 0 1 1 0 0 1 0 0 0 0 0 0 0 1 0 0 0 1 1 0 0 0 1 0 0 0 0 0 1 0 0 1 0 0 0 0 1 0 1 1 0 1 0 0 1 1 0 0 1 0 1 1 0 0 0 1 1 1 0 0 1 0 0 1 0 0 1 0 0 0 1 0 1 1 1 0 1 1 0 1 0 0 0 1 1 1 1 1 0 1 0 1 1 0 1 0 1 0 1 0 0 1 1 1 1 1 1 0 1 0 0 0 1 0 0 0 0 0 1 0 1 0 0 1 1 0 1 0 1 1 0 1 1 1 0 0 0 1 0 0 1 0 1 1 0 0 0 1 0 0 0 1 1 1 0 0 1 0 1 0 0 1 0 1 0 1 0
587 352 841
1 1 1 0 1 0 0 0 1 1 1 1 1 1 0 0 0 1 1 1 0 0 1 1 0 1 0 0 1 0 1 1 1 0 0 0 1 1 1 1 1 0 0 0 1 0 1 1 0 1 1 1 0 0 1 1 1 0 1 0 1 1 0 1 0 1 1 0 0 0 0 0 1 0 1 0 0 0 1 1 0 0 0 1 0 1 0 1 1 0 1 1 1 0 1 1 0 0 0 1 0 1 0 1 1 0 0 1 0 0 0 1 1 1 0 0 0 0 0 1 0 1 1 0 0 0 0 0 0 0 1 0 1 1 1 0 1 1 0 1 0 0 0 1 1 0 1 0 0 1 0 1 1 0 1 0 0 0 1 0 1 1 1 0 0 0 1 0 0 1 0 0 1 1 0 1 1 1 0 1 1 0 1 1 1 1 1 1 0 0 1 0 1 0 1 0 1 1 0 1 1 0 0 1 1 0 1 0 0 0 0 0 0 0 1 0 0 0 1 1 1 1 1 1 0 0 1 1 1 0 1 0 1 1 0 1 0 0 1 1 0 1 1 1 0 0 0 0 0 1 1 1 1 1 0 1 1 1 1 0 1 1 1 0 0 1 0 0 1 0 0 0 1 0 0 1 0 0 1 1 0 0 1 0 0 0 0 0 1 1 0 1 0 0 0 1 0 0 0 1 1 1 0 1 1 0 0 1 1 0 1 0 0 1 0 0 0 1 1 0 0 1 0 1 1 1 1 1 1 1 0 1 0 0 0 1 1 1 1 0 0 1 0 0 1 1 0 1 0 1 1 0 0 0 0 0 1 0 1 1 0 0 1 0 0 1 1 1 0 1 1 1 1 0 0 1 0 0 0 0 1 0 1 1 0 0 1 0 1 0 0 0 0 1 1 0 0 0 0 1 0 1 0 1 1 1 0 0 0 1 1 0 1 1 0 1 1 1 1 0 1 1 0 0 1 1 0 1 1 0 1 1 0 0 1 1 0 0 1 1 0 1 1 1 1 0 0 1 1 0 0 1 1 0 1 1 0 1 1 0 1 1 0 0 1 0 1 1 0 0 1 0 1 0 0 1 0 1 0 0 1 0 1 1 0 1 0 0 1 1 1 0 0 0 0 1 1 0 0 1 0 0 1 1 0 0 1 1 0 1 0 0 1 1 1 1 0 0 0 1 0 1 0 1 1 0 0 1 0 1 1 0 1 0 1 0 1 1 0 0 1 1 0 1 1 1 0 1 0 1 1 1 1 0 0 0 1 1 0 1 1 1 0 0 1 0 1 1 0 0 1 0 1 0 1 0 0 1 0 1 1 0 0 1 0 1 0
684 567 120
0 0 0 0 1 0 1 1 0 1 0 0 0 1 1 0 0 1 1 0 0 0 1 1 0 0 1 1 1 0 0 1 1 1 1 0 0 1 1 0 1 0 0 0 1 0 0 1 0 0 0 0 1 1 0 1 1 1 1 1 1 1 0 0 1 0 0 0 1 1 1 1 0 0 0 0 0 0 0 1 0 1 1 1 1 0 1 0 1 1 0 0 0 0 1 0 1 0 1 1 0 0 0 0 1 0 0 0 0 1 0 1 1 0 1 0 0 1 0 1 1 1 0 1 1 1 1 1 0 1 0 1 0 0 1 0 1 1 1 1 1 1 1 0 0 1 1 1 1 1 1 1 1 1 0 0 1 1 0 1 0 1 0 1 1 0 0 0 1 1 1 1 0 1 1 0 1 1 1 1 1 1 0 0 1 1 1 0 0 0 1 1 1 1 1 1 0 1 1 0 1 1 1 1 0 1 0 1 1 0 1 1 0 0 1 0 1 0 1 1 1 1 1 0 0 0 0 1 1 0 0 0 1 1 0 0 1 0 0 0 0 1 1 0 0 0 0 1 1 1 1 1 0 0 0 1 0 0 0 1 0 1 1 1 0 1 0 0 1 1 0 0 0 1 1 1 0 1 0 0 1 0 1 1 1 1 0 0 1 1 1 1 1 0 0 0 1 1 1 1 1 0 1 1 0 0 1 1 1 1 0 0 0 1 1 0 1 0 0 1 1 0 1 1 0 0 0 1 0 1 0 1 1 1 1 0 1 0 1 1 1 1 0 1 0 1 1 0 1 1 1 1 0 0 0 0 1 1 1 0 1 1 0 1 0 1 1 1 1 1 0 1 0 0 0 0 0 0 1 1 1 0 1 0 1 1 1 0 1 0 1 0 1 0 1 0 1 1 0 0 1 0 1 1 1 0 1 0 0 1 1 0 1 0 0 1 1 1 1 1 0 0 1 0 1 0 1 1 1 1 0 1 1 0 0 0 1 1 1 1 0 1 0 0 1 1 1 1 1 1 1 0 0 1 0 0 1 1 1 0 1 1 1 0 1 1 0 1 0 0 1 1 0 0 0 1 1 0 1 0 1 0 1 0 0 1 0 0 1 0 0 1 0 0 1 1 1 0 1 0 0 0 0 0 0 0 0 1 1 1 0 0 1 0 1 1 1 1 1 1 0 0 0 1 0 1 1 1 1 0 1 1 0 1 0 1 0 0 0 1 0 0 0 0 0 1 0 0 1 1 0 0 1 1 1 0 0 0 0 0 1 1 1 1 0 0 1 1 1 1 0 0 0 1 0 1 1 0 0 1 1 1 0 1 0 0 0 1 1 1 0 0 0 1 0 1 1 1 0 0 1 1 1 0 1 0 1 1 0 0 0 0 0 1 1 0 1 1 1 0 1 0 0 0 0 1 0 1 0 0 1 1 1 0 0 0 0 1 1 0 1 1 0 1 0 1 0 0 1 0 1 0 0 1 1 1 1 1 1 1 1 0 0 1 1 1 0 0 0 1 0 1 1 1 0 0 1 1 1 0 1 1 1 0
744 53 661
1 0 1 0 0 0 0 1 0 0 0 1 0 1 0 1 0 0 1 0 1 1 0 0 0 1 0 0 1 0 1 0 1 0 1 0 0 0 0 0 0 1 0 1 1 1 0 1 1 1 0 0 1 1 0 1 0 1 1 1 0 0 1 0 1 1 1 1 0 0 0 1 1 1 0 0 0 1 0 0 0 1 0 0 0 0 0 0 1 1 1 1 0 0 1 0 1 0 1 1 1 1 0 1 0 1 1 1 1 0 1 0 1 0 1 1 1 0 1 1 0 1 0 1 1 1 1 1 0 1 0 1 1 0 0 0 0 0 0 1 0 0 1 0 0 0 0 1 0 0 1 1 1 1 0 1 0 0 1 1 1 0 0 0 0 0 0 1 1 0 0 0 0 0 1 1 0 0 0 1 1 0 0 0 0 1 0 1 0 0 0 1 0 0 0 0 1 0 1 1 0 0 0 1 0 0 0 1 0 1 1 0 1 0 1 0 0 0 1 0 1 0 1 0 1 0 0 0 1 0 1 0 0 1 0 0 1 0 0 0 0 1 0 0 1 0 1 0 0 1 1 1 1 0 0 0 0 1 0 0 0 0 0 0 1 1 0 1 0 1 1 1 0 0 1 1 0 0 0 1 0 0 1 0 1 0 1 1 1 1 0 0 0 1 1 0 1 0 1 1 0 0 1 1 1 1 0 1 0 0 0 1 0 1 1 1 1 1 1 1 0 0 0 1 0 0 1 1 0 0 0 1 0 1 1 0 1 0 0 1 1 1 1 0 1 1 1 1 1 1 1 1 0 0 0 0 1 1 0 1 1 0 1 0 0 0 0 0 1 1 0 0 1 1 0 1 0 1 1 0 1 1 1 0 1 0 1 1 1 0 0 0 1 1 0 0 1 0 0 0 0 0 0 1 1 1 0 1 1 1 1 1 1 0 1 0 1 1 1 0 0 0 0 1 0 1 0 1 1 0 0 1 0 1 0 0 0 1 0 0 0 0 1 1 1 0 0 0 1 1 1 0 1 0 1 0 1 1 1 1 0 1 1 1 1 0 1 1 0 1 0 1 0 0 0 0 0 1 1 0 0 1 0 0 1 0 1 1 1 0 0 1 1 0 1 0 0 0 0 1 0 1 0 0 0 1 0 0 0 1 0 0 0 1 0 0 0 0 1 0 0 0 0 0 1 0 0 1 1 0 1 0 0 1 1 1 0 0 1 0 0 1 1 0 0 1 1 0 0 1 1 1 0 1 1 0 0 0 0 1 1 0 0 1 0 1 1 1 0 0 0 1 1 0 1 0 0 0 1 1 0 0 1 0 1 1 1 0 0 0 0 0 1 0 0 0 0 0 1 1 1 1 0 1 1 1 1 0 0 1 1 0 1 1 0 0 0 1 1 0 0 1 1 0 0 1 0 0 0 0 0 0 0 1 1 0 0 0 1 1 1 1 0 0 1 0 1 1 0 0 0 0 1 1 1 0 1 1 0 0 0 1 0 0 1 1 0 1 1 1 1 1 0 1 0 0 0 0 0 0 1 1 0 0 1 0 1 1 1 1 0 1 1 0 1 1 0 0 1 1 0 1 0 1 0 0 0 1 1 1 1 0 0 0 1 0 0 1 0 1 1 0 1 0 1 0 0 1 0 0 0 0 1 0 1 1 0 1 1 0 0 0 0 1
99 12 673
0 1 1 1 0 1 0 0 0 1 1 1 1 0 1 1 0 0 1 0 1 1 0 1 1 1 0 1 1 1 1 1 1 1 0 1 1 1 1 0 1 1 0 0 0 0 0 0 0 1 1 1 1 0 0 0 1 0 1 0 1 1 0 1 1 0 0 1 1 0 0 0 0 1 0 1 0 0 0 1 1 0 0 1 1 1 1 1 0 1 1 0 0 0 1 1 0 1 0
1006 809 962
0 1 0 0 1 0 1 1 1 1 1 0 0 1 1 1 1 0 0 0 1 1 0 1 0 0 1 0 1 0 0 0 1 0 1 1 1 1 0 0 1 0 0 1 1 1 0 0 1 1 0 0 0 1 1 1 1 1 1 1 1 0 0 1 1 1 1 1 0 1 0 1 1 0 1 0 0 1 0 0 0 0 1 0 0 1 1 1 0 1 0 1 1 0 1 1 1 0 1 0 1 0 1 0 0 0 0 0 0 0 0 0 0 1 1 0 1 0 1 1 1 1 1 1 1 0 1 0 1 0 1 0 1 1 0 0 0 1 1 1 0 1 0 1 0 0 0 0 0 0 0 1 0 1 0 1 1 0 0 1 1 0 1 1 0 1 1 0 1 1 0 1 0 0 0 1 0 0 1 1 0 1 1 0 0 1 1 1 0 0 1 1 1 0 1 0 1 0 0 0 0 1 1 0 0 1 0 1 0 1 1 0 1 0 0 0 1 0 0 0 1 0 1 0 1 1 1 0 0 0 0 0 0 1 0 1 1 1 0 1 0 0 0 1 1 0 1 0 0 1 1 1 0 0 0 0 1 1 1 1 1 0 0 0 1 1 0 1 1 0 0 1 0 0 0 0 1 1 1 0 1 0 0 1 1 1 0 1 0 0 0 0 0 0 1 0 1 1 0 1 1 1 1 0 0 1 0 0 0 0 0 0 0 1 0 1 0 1 0 0 1 1 0 1 1 1 0 0 1 1 0 1 0 1 1 1 1 1 1 0 0 1 1 0 1 1 1 0 1 1 1 0 0 1 0 0 0 0 0 0 0 1 0 1 0 0 1 1 1 0 1 0 1 0 1 0 0 0 1 1 0 1 1 0 1 0 1 1 0 0 0 1 0 0 1 0 1 0 1 0 0 1 0 0 0 0 0 0 1 1 1 0 0 1 0 0 1 0 1 0 1 0 0 0 1 0 0 0 1 0 1 0 1 1 1 1 0 0 0 1 1 1 0 0 1 1 1 0 0 0 0 1 0 1 1 1 0 1 1 0 1 1 1 1 1 0 1 1 1 0 0 1 0 0 0 1 1 1 1 1 1 1 0 1 1 0 1 0 0 0 0 1 0 1 1 0 0 1 0 1 1 0 0 1 1 0 0 1 1 1 0 1 1 1 0 0 0 1 0 0 1 0 0 1 1 0 1 0 1 1 1 0 1 0 1 1 1 0 1 1 0 0 0 1 0 0 1 1 1 0 1 0 1 1 1 0 0 1 0 1 0 0 0 0 0 0 0 1 0 1 1 0 0 0 0 0 0 1 1 0 0 0 1 0 1 0 0 0 1 1 0 1 1 0 1 1 0 0 0 1 0 1 0 0 1 0 1 0 0 1 1 1 1 1 0 0 0 1 0 0 1 0 0 1 1 1 1 0 1 1 0 1 1 0 0 1 0 0 1 1 1 0 0 1 1 0 1 1 0 0 1 1 0 0 0 0 1 0 1 0 0 1 1 1 0 1 0 0 0 0 0 0 1 0 0 1 0 0 0 0 1 1 1 0 1 0 0 0 0 0 1 1 0 0 0 0 0 0 1 0 1 1 1 0 0 0 1 0 0 1 1 1 0 0 1 1 1 1 0 0 0 0 1 1 1 1 1 0 1 0 1 1 1 0 1 1 1 1 0 0 0 1 1 0 0 1 0 0 0 1 0 0 1 0 0 1 1 1 0 0 0 0 1 1 1 0 0 1 0 1 1 1 1 1 1 0 1 1 0 0 0 0 0 0 1 0 1 0 1 0 0 0 0 1 1 1 0 1 0 1 1 0 0 1 1 1 0 0 0 0 1 1 1 1 1 0 1 1 0 0 1 0 1 0 1 0 1 0 0 1 0 1 0 1 1 1 1 1 1 0 1 0 0 0 0 1 1 0 0 1 1 1 0 0 0 0 1 0 0 0 0 0 1 1 1 1 0 0 0 1 1 0 0 0 0 1 0 0 1 0 0 1 1 0 1 1 0 0 0 0 1 0 0 1 1 1 0 0 1 0 0 1 1 1 0 1 1 1 0 0 1 1 0 1 1 0 0 1 1 0 1 0 1 0 0 1 0 1 0 1 1 0 1 1 1 0 0 1 1 1 0 0 1 1 0 1 0 1 1 1 1 1 1 0 0 0 1 0 1 1 0 0 0 0 1 0 0 1 0 1 1 0 0 1 1 0 0 1 1 1 0 1 1 1 0 1 0 1 0 1 1 0 0 1 1 0 1 0 0 0 0 1 1 1 1 1
136 90 909
1 1 1 1 1 1 1 1 0 1 0 1 1 0 1 0 1 1 0 0 0 1 0 1 1 0 1 1 0 1 1 0 1 1 1 0 0 1 1 1 1 0 1 0 0 0 0 1 1 0 0 0 1 0 0 0 1 1 0 1 1 0 0 0 0 1 0 1 1 1 1 0 0 0 0 1 0 0 1 1 1 0 0 0 1 0 0 1 1 1 1 0 1 0 1 0 0 0 1 1 1 1 1 0 0 1 0 0 1 1 1 1 1 1 1 0 0 1 1 0 1 1 1 0 0 0 0 1 0 0 1 1 1 1 1 0
984 393 670
1 0 1 0 0 0 0 1 0 1 0 1 0 0 0 0 1 0 0 1 0 1 1 1 1 0 0 1 0 0 1 1 1 0 0 1 0 1 0 0 0 0 1 0 0 0 1 0 0 0 0 1 1 1 0 0 1 1 1 0 0 0 0 0 0 1 1 1 1 0 0 1 0 1 0 1 0 1 0 0 1 1 0 1 1 0 0 1 0 0 0 0 0 1 1 0 0 0 1 0 0 1 0 1 0 0 0 1 0 0 1 0 0 1 0 0 0 0 1 0 1 0 1 0 0 1 0 0 0 0 0 0 0 1 0 0 1 1 0 0 1 0 1 0 1 0 0 1 0 0 1 1 0 1 1 0 0 1 1 0 1 1 0 0 1 1 1 1 1 0 0 0 0 1 1 0 0 1 1 1 0 1 1 1 1 1 0 0 1 0 1 1 1 1 0 0 1 1 1 1 1 0 0 0 1 0 1 0 1 1 1 1 1 1 0 1 1 1 1 0 1 0 0 1 0 0 1 1 1 1 1 0 1 0 0 1 0 1 1 0 1 0 1 1 1 1 0 1 1 0 1 0 1 1 0 0 1 1 1 0 1 0 1 0 1 0 0 1 0 0 0 1 0 0 1 0 1 0 1 1 1 0 0 0 1 0 0 1 1 1 0 0 1 1 1 1 0 0 0 0 0 1 0 1 1 0 1 0 1 0 0 0 1 1 0 1 1 1 1 1 0 0 1 0 1 1 1 0 1 1 1 1 0 0 0 1 1 1 1 1 1 1 0 1 0 0 0 1 1 0 1 0 1 1 1 1 1 1 1 0 1 1 1 1 0 1 1 0 0 1 1 0 1 0 1 0 1 0 0 1 1 1 1 0 0 0 0 0 1 0 1 1 0 1 0 0 1 1 1 0 0 0 1 0 1 1 1 1 0 1 0 1 1 0 1 0 1 1 0 1 0 1 0 0 0 0 1 0 0 0 0 1 0 1 0 1 1 0 1 1 1 0 0 1 0 1 1 1 1 0 0 0 1 0 0 1 1 0 1 0 1 0 1 0 0 1 0 0 0 1 0 0 1 1 0 1 0 1 1 1 1 1 1 0 0 1 0 0 0 1 0 1 0 0 1 1 0 0 0 1 0 0 0 1 0 0 0 1 0 1 1 0 1 0 1 1 1 1 1 1 0 1 1 1 0 1 0 0 0 0 0 0 1 1 0 1 1 0 1 1 1 1 1 1 1 0 0 0 1 1 1 0 1 1 0 0 0 1 0 1 0 0 0 0 0 1 0 0 1 0 1 0 1 1 0 1 0 1 1 0 0 1 0 1 0 0 1 1 0 1 0 0 0 0 0 0 0 0 0 0 0 1 1 0 0 0 0 0 1 0 1 1 1 0 1 1 0 1 1 1 0 1 1 1 1 1 0 1 1 1 1 0 0 0 0 0 0 0 1 1 1 1 0 1 1 0 0 0 1 0 1 0 0 1 1 1 1 0 0 1 0 1 0 1 0 0 0 1 0 0 0 0 1 0 0 1 0 1 1 0 1 1 1 0 0 1 0 0 1 1 1 0 1 0 1 1 1 0 1 1 1 1 0 1 0 1 0 0 0 0 0 0 0 1 1 0 0 1 1 1 0 0 1 0 0 0 0 0 1 0 0 0 1 1 1 1 1 0 1 0 0 0 1 1 1 0 1 1 0 1 0 1 0 0 1 0 0 1 0 1 0 1 0 0 1 0 0 1 0 1 1 1 1 1 0 1 1 1 1 1 1 0 0 0 1 0 1 1 0 0 0 1 1 1 1 0 0 1 0 1 0 1 0 1 1 1 0 1 0 1 1 0 0 0 0 0 0 0 1 1 1 0 0 0 1 0 1 1 0 1 1 1 1 0 1 1 0 1 1 0 1 0 0 1 1 1 1 0 1 0 1 0 1 1 0 0 0 1 1 1 1 0 1 0 1 1 1 0 1 0 0 0 0 0 0 1 0 0 0 0 0 0 1 1 0 0 1 0 0 1 1 1 1 0 0 1 1 0 0 1 0 0 0 1 1 0 1 0 0 0 0 0 1 0 1 1 0 0 0 1 0 0 1 0 1 0 1 1 0 1 0 0 1 1 1 1 0 0 0 0 0 1 0 0 0 0 0 0 0 1 0 1 1 1 1 0 0 1 1 1 0 1 0 1 0 0 1 1 1 0 0 0 0 0 0 0 1 0 0 1 1 1 0 0
380 79 293
1 0 1 0 0 1 1 1 1 1 0 0 0 0 0 1 1 1 1 0 0 1 1 0 0 1 0 1 1 0 1 1 1 0 0 1 1 0 0 1 0 0 1 1 0 0 0 1 1 1 0 1 1 0 0 0 1 1 1 0 0 1 1 0 1 1 1 0 0 0 0 0 1 0 1 1 0 1 0 1 0 0 1 0 1 1 1 0 0 1 1 1 0 1 1 0 0 1 0 1 0 1 1 1 1 0 1 0 0 0 1 0 1 1 0 1 1 1 0 0 1 1 1 1 0 0 1 0 0 0 1 1 1 0 1 1 0 0 0 1 0 1 1 0 1 1 1 0 0 0 0 0 0 0 1 0 0 0 1 1 0 0 0 1 1 1 1 0 0 0 0 1 0 0 1 0 0 0 1 0 0 0 0 0 0 1 1 0 0 0 0 1 1 0 1 0 1 0 0 0 0 1 1 0 0 0 0 0 0 0 0 1 1 0 0 1 1 1 0 0 0 1 1 0 1 1 0 0 0 0 0 0 1 1 0 0 0 0 0 0 0 0 0 0 1 0 0 1 1 1 0 1 0 1 1 1 0 0 0 1 0 0 0 1 1 1 0 0 1 1 1 1 1 1 0 0 1 0 1 0 1 0 0 1 0 0 0 1 0 1 0 1 1 0 1 1 0 0 1 0 1 1 0 0 1 1 1 1 0 0 0 1 0 1 0 0 0 1 0 0 0 0 0 1 0 0 1 0 1 0 0 0 0 0 0 0 0 0 1 1 1 0 1 1 0 0 0 1 1 0 1 0 1 0 0 0 0 0 0 1 0 1 1 0 1 0 1 1 1 1 1 1 0 0 0 0 0 0 0 1
