10
16 13 12
0 1 1 0 0 0 0 1 0 0 1 1 0 0 0 1
52 22 70
0 1 1 1 1 1 0 0 1 1 1 1 0 0 0 1 1 1 0 1 1 0 1 0 1 1 1 1 1 0 1 0 0 1 0 0 1 0 0 0 0 0 0 1 1 1 0 1 0 0 0 0
37 27 31
0 1 1 1 1 1 1 0 0 1 0 1 1 0 1 1 0 1 0 1 1 0 1 0 1 1 1 1 1 1 1 1 1 0 1 1 0
53 38 52
0 1 1 0 1 1 1 1 1 0 1 1 0 0 1 0 1 0 0 0 0 0 0 0 1 0 1 1 0 1 0 1 0 1 0 1 0 0 0 1 1 1 0 0 0 1 0 0 0 1 1 1 1
18 16 8
1 0 0 1 0 0 1 0 0 0 1 0 1 1 0 0 0 1
14 4 75
1 0 0 0 0 0 0 1 0 1 0 0 0 1
44 34 83
0 0 0 0 1 1 0 0 0 0 1 1 0 1 1 1 1 0 1 1 1 0 1 1 0 1 0 0 1 1 1 1 1 1 1 1 1 0 1 1 0 0 1 1
28 27 55
1 0 0 0 1 1 0 1 1 0 1 0 0 1 1 0 1 0 1 1 1 0 0 0 0 0 0 0
43 22 48
0 1 1 1 0 0 0 0 1 0 0 0 0 0 0 0 1 1 1 1 1 1 1 1 1 0 0 0 0 0 0 0 0 1 1 1 1 0 1 0 0 1 1
69 43 62
1 0 1 1 0 0 0 0 1 0 0 1 0 1 0 1 0 0 0 1 1 1 1 0 0 1 0 1 1 0 0 1 0 1 0 0 0 0 0 1 1 1 0 1 0 0 0 0 0 0 1 1 0 1 1 1 1 0 0 0 0 1 0 1 1 0 0 1 1
