10
10 9 3
0 0 1 1 1 0 1 1 0 0
8 3 32
1 1 0 1 0 0 1 0
37 6 39
0 0 1 1 0 1 1 0 0 0 1 1 0 1 1 1 1 0 1 0 0 1 0 0 1 0 0 0 0 0 1 0 0 1 1 1 1
34 18 38
1 1 0 0 0 0 0 0 0 0 1 0 0 0 0 0 1 0 0 0 0 0 0 0 0 1 0 1 1 1 1 0 1 1
31 7 33
0 0 1 0 0 0 0 1 0 1 0 1 1 0 1 0 0 1 1 0 0 1 1 0 0 1 0 1 1 1 0
6 6 23
1 1 0 1 1 0
27 12 22
0 1 1 1 0 0 1 0 1 1 1 1 0 0 1 0 1 0 0 1 1 0 0 0 0 1 0
27 8 19
0 0 0 1 0 1 0 1 1 0 1 0 0 0 0 1 0 1 1 0 0 0 0 1 0 0 1
5 5 16
1 1 1 0 0
34 30 26
1 0 0 1 0 1 1 0 0 0 1 0 1 1 0 1 1 0 1 0 0 1 1 0 0 0 1 1 1 1 0 0 1 1
