516 562
228 395
381 301
235 436
504 442
257 69
79 74
251 77
9 372
399 211
46 110
106 398
50 100
266 15
48 272
29 167
425 208
184 34
74 507
457 225
242 416
238 173
199 454
486 202
316 500
18 108
172 269
274 318
195 341
57 107
169 237
120 345
449 1
457 472
80 186
324 513
59 128
185 16
208 29
152 187
202 325
7 28
164 283
36 275
393 514
500 181
227 82
437 482
512 219
361 32
468 126
340 78
330 123
266 18
123 316
79 179
297 44
489 460
184 9
278 219
505 35
76 111
218 382
119 186
488 204
273 64
93 333
173 318
218 493
412 496
150 466
364 287
61 419
69 515
350 274
458 187
298 235
144 140
327 334
386 10
157 21
224 163
500 135
472 13
48 27
16 128
95 507
97 334
43 193
286 254
10 90
467 50
484 237
315 36
284 1
198 492
79 144
271 393
156 117
20 64
382 151
113 104
290 55
312 441
442 86
76 59
422 473
237 228
247 412
34 232
495 99
152 266
115 499
112 490
53 54
308 221
22 131
111 67
457 167
140 442
6 247
87 8
52 204
177 389
451 337
379 439
51 412
319 456
475 178
202 151
79 442
131 502
459 242
254 258
98 174
486 447
115 55
16 277
427 241
338 206
45 118
337 125
417 169
163 28
353 11
193 70
147 433
498 423
177 160
151 491
400 508
241 167
190 2
238 156
367 514
152 185
412 478
468 454
111 377
148 320
321 204
134 425
460 496
431 282
261 270
80 232
231 310
505 286
278 180
397 31
461 415
327 149
284 413
308 318
83 452
34 90
249 268
311 104
50 126
436 445
70 207
291 48
31 94
350 317
23 318
221 73
24 486
95 343
238 23
30 18
168 18
90 97
327 483
46 145
394 447
376 511
136 143
24 12
433 430
472 334
133 467
183 314
124 161
33 120
360 337
265 185
55 87
263 242
42 277
231 222
22 71
360 232
391 514
41 182
120 121
432 371
493 15
386 126
297 503
192 321
88 306
49 355
418 76
342 399
414 167
308 2
448 443
34 432
136 472
228 272
36 452
37 484
6 414
430 50
360 240
456 325
282 302
366 325
415 80
505 371
108 12
427 177
367 422
449 12
454 190
516 249
490 410
155 375
516 217
435 241
508 245
458 25
500 173
37 181
157 412
390 130
235 444
367 172
272 412
173 231
385 287
373 318
293 103
510 442
219 475
330 67
13 412
457 355
252 180
457 325
81 474
40 284
307 236
156 58
354 273
290 465
277 347
112 513
49 311
7 136
408 376
326 260
303 375
201 373
121 410
450 61
313 140
292 438
216 23
494 443
9 146
369 223
407 459
324 44
62 138
173 137
62 448
335 185
206 402
298 290
175 19
277 335
315 481
480 343
222 81
134 439
57 186
101 35
182 266
337 206
308 153
380 118
357 504
425 133
415 447
340 307
106 491
132 273
10 301
46 507
26 334
211 507
338 345
178 451
162 324
63 243
272 303
509 182
290 99
489 348
389 300
176 310
475 259
477 454
383 281
29 146
327 254
21 162
85 323
396 263
311 273
143 64
101 212
510 469
199 209
442 95
101 428
485 121
397 114
183 378
396 464
129 273
370 86
61 212
409 261
116 173
302 26
491 316
323 40
293 467
390 438
52 12
41 91
452 463
220 336
439 54
387 78
147 35
17 185
254 345
458 506
489 187
281 25
373 403
351 172
22 20
258 255
191 269
59 206
169 326
467 36
115 247
402 268
506 79
388 241
428 442
119 252
402 200
473 377
40 55
47 181
404 491
252 329
14 15
36 185
18 494
117 142
369 184
234 456
292 345
179 513
264 393
154 56
357 511
389 247
78 149
50 445
510 498
477 105
98 336
406 313
273 278
188 232
63 148
319 212
167 433
259 16
429 12
311 471
340 516
339 484
209 23
490 292
494 72
121 252
152 153
301 504
174 149
41 304
423 239
110 227
16 29
105 211
507 74
357 358
181 497
170 232
161 483
415 275
23 110
141 89
383 164
226 450
239 168
95 500
152 161
466 369
293 425
80 268
431 455
260 208
59 33
278 391
191 51
190 326
291 215
31 79
139 156
102 293
349 359
203 375
507 250
516 339
468 125
363 343
500 445
247 276
508 2
306 475
101 106
489 158
513 99
76 233
6 145
210 158
214 1
150 111
205 447
141 177
402 353
505 315
162 170
211 67
247 52
202 333
210 470
114 402
169 291
463 478
219 29
323 202
3 147
467 275
468 359
458 226
152 456
380 70
81 501
365 25
371 165
112 3
456 502
5 68
195 514
39 339
104 384
466 490
46 155
377 111
17 386
225 62
280 275
9 392
485 284
140 158
444 481
119 216
136 68
84 366
417 308
112 190
71 263
149 33
162 383
425 113
491 20
441 117
498 405
251 453
234 287
9 410
315 321
511 372
44 122
325 435
505 389
250 309
331 436
2 158
147 343
337 415
219 310
466 92
408 286
33 10
297 196
270 54
486 216
480 399
374 136
290 400
282 402
317 228
312 394
292 316
97 241
443 252
79 47
457 6
296 502
478 166
149 97
69 500
