877 466
353 396
476 558
742 710
560 232
113 333
277 769
98 728
705 532
455 691
610 747
614 587
126 266
684 278
102 194
402 799
100 712
606 19
323 258
321 400
657 499
19 127
435 817
608 193
351 38
116 88
60 392
200 737
328 359
152 212
869 859
416 580
733 282
352 692
582 791
227 370
264 659
452 754
44 58
207 784
827 834
665 361
768 181
389 730
37 288
215 804
90 315
556 814
692 762
811 430
668 465
413 398
645 468
855 562
428 126
169 65
619 176
617 452
359 757
383 133
582 634
367 497
758 797
688 320
664 250
842 830
804 418
619 130
122 629
247 100
489 387
187 145
275 452
694 103
50 404
28 172
155 565
204 778
853 101
80 673
407 562
359 392
77 521
747 386
93 522
317 603
597 696
14 79
854 872
561 592
433 198
375 522
827 608
312 747
20 775
315 330
225 264
404 342
454 343
193 510
3 718
524 644
841 159
43 485
152 791
719 511
269 806
307 861
67 110
476 726
644 579
363 632
780 558
293 242
726 202
99 680
401 630
672 203
175 370
651 161
584 80
519 803
586 73
64 246
658 270
458 226
485 366
429 431
218 353
47 578
217 588
287 42
660 212
338 295
750 603
454 222
589 585
195 91
260 609
495 706
477 119
86 285
591 98
169 159
724 838
606 512
679 460
249 518
292 219
215 734
270 788
706 750
313 104
231 65
115 323
553 223
53 508
578 849
496 801
110 666
832 616
759 713
631 703
245 55
419 618
772 129
561 158
847 736
484 702
647 39
39 210
36 49
616 529
238 692
572 816
488 662
718 218
98 866
584 587
110 515
74 103
699 247
518 665
704 674
746 3
872 523
663 558
640 389
871 593
319 632
166 257
164 695
36 485
392 524
163 866
270 521
546 376
680 264
820 500
284 317
492 230
687 154
745 483
417 168
569 183
868 234
629 326
644 58
449 701
654 875
522 304
697 336
745 637
873 590
576 160
9 232
98 547
371 504
442 613
389 668
641 284
597 473
56 40
540 51
840 596
82 416
415 320
181 137
401 681
265 152
417 122
764 875
365 852
740 241
72 442
281 148
791 275
654 805
281 869
232 111
220 816
643 411
633 515
13 343
465 111
52 201
240 74
446 683
196 629
741 88
629 73
391 480
569 360
235 289
672 53
777 569
315 560
141 98
778 172
877 807
282 616
825 596
871 872
858 186
359 374
795 417
324 447
60 149
174 169
654 295
245 362
672 364
630 60
220 474
569 65
603 458
63 672
845 539
246 747
30 75
719 502
312 174
342 135
412 291
789 740
596 334
785 277
482 111
780 13
147 423
321 167
340 11
351 870
605 532
418 506
852 845
653 446
850 835
759 528
653 830
413 380
450 119
698 872
870 297
197 393
306 37
33 835
360 316
546 243
264 348
328 704
258 525
782 488
74 233
809 468
562 512
797 500
187 696
163 721
254 398
814 217
714 369
460 594
827 527
754 329
601 770
570 388
702 541
583 186
610 413
530 431
746 853
488 429
481 140
311 473
415 450
179 166
413 372
860 847
75 840
649 124
10 208
755 366
519 264
726 516
206 488
554 572
105 817
542 222
599 225
143 454
313 723
391 747
114 63
633 848
792 586
703 179
700 318
186 67
112 761
350 536
34 424
599 161
61 491
68 514
220 727
498 574
333 712
100 381
20 70
643 223
254 359
540 190
159 75
799 769
377 329
4 753
539 432
220 466
266 338
425 216
753 805
606 870
778 99
519 454
679 277
154 452
331 682
169 28
296 206
202 150
651 279
519 165
255 73
173 36
441 870
445 493
225 331
788 257
729 840
122 692
104 13
80 833
509 321
250 714
332 128
236 806
87 74
483 334
169 451
616 786
247 398
434 483
353 217
26 698
165 81
826 359
316 83
86 520
763 245
589 154
547 105
808 840
175 476
4 419
803 406
871 234
756 206
49 634
278 646
686 814
652 523
723 156
222 251
405 521
463 604
381 123
285 832
126 711
191 6
256 713
257 299
688 326
86 501
599 818
707 159
161 598
406 619
504 303
196 263
110 236
767 763
773 648
840 418
18 196
283 609
769 297
123 198
108 317
449 92
507 373
645 49
252 870
130 479
222 344
483 822
585 41
