1760 1289
536 274
1694 1327
1531 119
985 723
526 1150
500 1300
1336 649
497 1660
1748 555
1383 1033
723 1486
413 1518
888 1389
1012 1586
154 378
1371 1679
549 1049
1720 1204
1113 227
1606 68
585 1125
817 1429
1086 606
956 210
1650 228
571 986
1589 672
153 990
364 781
468 710
1485 1277
1404 621
1251 1204
1399 481
432 1739
1248 420
422 974
1667 174
1037 798
1731 1032
385 784
917 242
881 1261
802 1182
1057 1136
297 562
1449 875
570 42
403 1026
1244 661
577 878
584 563
1476 795
971 1373
358 906
1640 445
1250 208
692 209
806 21
920 653
952 1334
211 822
814 868
1142 903
1364 419
645 48
394 108
1725 1298
996 1067
1288 228
968 705
970 1393
659 675
56 600
149 121
1500 1163
1104 320
1715 304
1149 1129
1646 1155
1350 727
1748 1362
461 741
1183 1759
1156 862
1531 738
147 419
810 37
694 105
706 454
508 1464
1453 152
329 1421
520 738
244 1400
868 734
106 1599
9 635
681 154
1038 444
742 1237
674 279
1736 1361
1574 1591
1194 1282
625 1179
1021 626
1451 1652
291 765
1170 139
1109 1491
632 1048
767 1146
834 556
1535 1738
1259 72
1289 1422
1151 1444
901 873
640 521
1136 1263
1733 951
535 1288
822 1504
959 1488
177 1515
1312 1402
808 1266
453 904
673 1668
13 437
852 1220
1741 1451
1585 488
940 429
535 635
294 1135
1054 1595
1034 504
302 923
1244 263
1254 834
787 1131
1270 1259
1148 1738
1637 195
565 1723
620 1743
883 1260
1208 835
1501 1244
1676 1035
302 610
573 1318
311 900
596 230
410 865
1072 177
272 1192
769 867
1124 1758
590 138
1590 733
496 1576
122 1743
469 917
534 471
830 1467
103 1320
1057 1080
1212 1484
1063 543
1402 222
1103 407
1718 1328
937 1210
382 742
700 408
369 1561
2 722
1154 86
1318 1407
921 1500
76 1706
402 706
298 1169
731 1614
839 1064
826 1054
163 692
422 643
335 1521
1385 642
624 205
772 1041
1152 1482
939 544
13 160
517 877
857 1112
621 526
696 1138
1620 1452
1557 1600
284 1282
717 457
670 1410
818 1383
1669 720
1641 649
657 421
1164 82
630 397
1642 1496
346 425
738 1734
986 814
619 58
1605 325
623 967
255 713
428 1460
1376 844
242 1660
1619 562
1671 77
1720 1555
550 809
1314 670
1275 999
889 369
1129 50
1144 418
1668 1609
432 1433
1239 958
1092 339
1728 439
203 1505
47 336
1522 1351
1611 1591
695 253
684 431
1103 1489
546 1358
1408 292
205 510
776 424
1570 1759
1300 296
365 516
458 960
233 402
1184 1537
1514 1284
1154 1615
275 425
1392 418
320 68
1501 1352
478 139
977 1505
78 202
680 1154
902 189
1105 243
1039 217
1456 1137
1576 1059
1693 109
1185 1495
1219 490
609 611
257 771
769 489
1740 451
175 961
1259 523
908 52
538 79
1198 34
680 1657
735 957
825 1605
796 396
292 611
790 1097
245 57
725 803
1229 1310
1104 861
1341 1440
822 845
1487 287
1608 1406
1437 304
1372 1230
1304 506
1404 273
1666 28
1381 1228
1364 1029
265 122
1561 155
1581 1227
1201 1365
1163 1344
79 1473
113 656
1244 863
1249 1671
1042 611
1295 609
1153 1207
1510 627
109 726
3 1603
109 627
1240 1419
1550 1712
1547 1434
399 1159
1492 562
1411 1509
258 907
1458 234
727 1295
695 714
872 1372
675 15
1342 229
313 436
1143 593
1360 1259
1637 827
1300 1689
1198 880
1094 533
1258 84
1463 1612
1001 1213
177 224
458 374
174 900
1605 1246
1439 674
386 1255
1478 181
800 247
1148 879
495 1386
460 1460
694 558
54 285
494 581
13 1751
1444 807
953 385
1435 637
278 113
168 967
467 944
52 1751
628 57
478 244
81 1694
566 152
949 483
899 402
383 1217
862 645
1220 516
309 1607
1707 750
713 1571
1487 370
1744 88
545 249
1268 919
676 993
1297 1224
303 120
1211 326
1007 389
374 766
1666 384
348 885
924 1397
1147 1695
934 38
980 648
1722 1030
1565 271
873 62
992 1382
1333 1419
1274 1268
1143 30
1437 595
1562 1499
1422 1554
1630 635
551 563
310 106
1462 1678
746 681
349 1517
1558 1165
1072 334
1577 606
1658 100
551 1049
1048 470
1032 1167
156 607
758 388
1515 236
723 80
864 1025
337 1473
135 1269
952 439
1570 401
1059 935
1480 1204
1731 537
737 1490
507 1034
1483 592
386 75
600 1130
1636 1247
1230 654
673 929
997 1374
429 124
717 626
590 1745
869 372
641 693
1029 1154
1430 1616
1525 1583
1263 575
371 610
389 946
1458 1301
867 1135
1333 375
1577 1677
216 1323
202 346
1128 551
750 1718
613 1014
113 725
1255 22
546 385
1110 763
869 950
977 618
1010 1093
1160 959
499 1233
1506 679
458 1396
408 1095
1257 539
216 659
567 1062
739 375
1074 298
495 1202
1736 974
101 598
1660 689
1444 1674
520 1666
988 1384
1493 1223
372 671
292 343
1478 81
1032 480
509 1334
1002 737
125 696
1700 1169
540 1173
1287 727
801 769
949 591
236 97
391 395
1262 1616
616 240
12 478
1271 1397
1120 1356
1322 1383
24 1649
1318 72
917 888
711 1003
110 1728
607 1274
1130 1562
1327 1585
1097 1615
47 1088
540 792
588 1452
41 1444
1732 1038
616 1365
1676 178
200 323
1707 410
907 471
700 1753
293 977
1424 825
993 1188
1001 1077
1564 596
385 1599
1224 1663
801 443
1003 1009
746 994
797 302
15 1089
397 556
1401 471
157 310
1570 1402
1569 906
410 595
1701 1724
1094 797
100 1073
699 170
785 869
135 766
754 1093
1225 946
1471 1110
980 242
1416 1196
16 128
1197 20
1433 79
1603 1162
350 264
118 707
1443 296
1441 1445
320 608
279 1642
959 852
1214 385
801 1181
175 557
1050 1703
1528 68
1361 1075
26 1297
1569 1718
1226 722
1019 760
1332 1114
546 375
1651 752
1325 1025
283 751
296 733
1584 452
595 227
1580 499
1314 959
125 627
475 1330
644 813
635 1553
663 1760
1489 292
1631 256
194 1672
955 147
291 878
1180 275
674 1274
167 14
1054 388
534 329
1546 730
247 249
1102 924
363 1288
358 991
1192 758
961 331
1528 1398
707 381
504 1132
1027 1446
826 1334
238 1641
99 1120
1474 609
1453 494
372 1625
870 886
1387 178
1328 1219
1474 288
863 1747
1418 1741
1342 314
1733 1109
1002 157
204 73
1013 248
1163 1068
1093 377
1216 1369
1394 162
607 1402
1131 1579
16 594
1010 541
1327 85
1115 1624
876 1035
1169 1518
265 1521
1618 1158
607 791
814 1562
1369 1474
299 729
854 1356
1476 518
75 959
997 1398
1375 1310
81 1526
1646 541
1501 4
711 1508
850 1425
1646 911
1742 1253
378 1424
707 123
664 1452
55 64
1734 1498
131 984
121 744
308 1530
1336 1141
1741 815
1310 280
1059 1142
380 792
1663 771
308 849
1600 92
31 1045
1334 795
1736 937
680 207
1359 1540
431 474
72 1523
1497 692
1113 728
1095 1542
319 1734
1071 81
1609 743
666 1349
1692 406
1255 298
813 325
1191 1114
1674 1145
1471 836
242 1449
1065 299
1560 866
1459 1157
996 1222
318 29
337 1096
416 114
1712 753
1123 1302
484 959
68 1359
293 737
1364 1017
413 1404
955 481
1165 73
112 1580
841 52
738 174
568 1598
114 1076
245 1245
1078 571
1201 1271
1112 1046
686 362
693 1675
1413 1031
223 823
257 210
155 1286
738 644
580 443
156 1449
294 238
1269 387
1123 1481
906 1221
818 1419
490 1656
635 1445
441 313
700 1119
175 825
551 468
727 1724
514 433
496 251
1445 1658
1679 770
544 1478
539 402
754 62
1456 544
243 1058
797 436
1483 355
1286 1291
632 362
418 598
204 1168
1406 1049
1197 36
1272 396
1044 1480
580 126
974 1716
907 1613
318 1074
1575 750
1145 1728
1417 460
296 49
947 1249
426 1548
62 158
335 1356
1686 1161
1214 1630
760 506
1744 998
1243 285
1170 1082
196 1171
295 1381
880 1392
964 998
1326 1662
1139 1006
834 473
48 1286
580 1554
1007 614
159 1228
500 1055
18 1250
1177 19
338 1119
1068 375
774 900
526 1080
682 837
21 115
557 524
1066 699
627 1525
1164 214
1651 17
76 65
1369 163
111 40
742 837
175 783
1675 516
1306 76
274 480
1041 457
245 1742
1259 1735
1253 150
463 1206
1188 1684
1117 1662
1419 347
902 1498
549 621
655 1176
1266 1124
1683 1754
421 941
1406 567
1382 296
914 794
113 521
6 1346
566 410
1314 833
1047 87
1572 62
364 848
286 339
34 362
1589 303
824 766
804 372
33 537
1335 250
388 635
1360 555
1343 984
550 37
736 922
1633 475
331 572
1087 692
343 112
402 1066
1680 1179
192 1613
1590 884
1442 542
1341 1448
357 1428
140 1273
76 442
1662 1082
1707 943
163 725
1102 996
384 709
1200 642
1291 444
453 1666
16 94
1264 754
719 676
269 599
1627 1691
873 805
220 1698
1060 1577
142 1423
1462 1472
512 43
1448 1245
118 337
1494 839
1192 1683
1076 1496
1729 1397
1222 607
1408 1744
1318 1215
314 1649
545 1678
886 663
186 1687
879 1112
518 312
918 156
591 1637
846 1057
498 131
1038 982
992 1486
739 1504
1504 1619
1643 1463
12 1046
858 298
1583 142
1593 1463
718 100
898 1684
1340 1464
294 1353
1475 92
1735 1331
66 1398
958 1699
234 866
502 1149
1568 206
1679 1274
191 253
700 326
531 229
517 290
990 1041
454 195
598 1695
846 1041
965 226
1441 617
200 737
1559 348
1105 375
1434 1006
646 913
556 23
1567 883
1631 581
171 1587
1435 632
1292 220
379 613
1046 205
560 1172
1236 1752
156 1442
899 259
1689 1024
885 1002
400 626
16 1595
1122 720
1325 728
1027 1128
313 601
153 250
343 423
1313 667
1147 354
1579 563
816 476
761 543
52 956
1156 1295
1559 1053
1719 1001
1728 172
1138 388
391 13
1096 14
1180 1654
1153 999
1183 146
1401 324
1510 703
1119 1420
58 528
855 542
1721 1389
1113 746
54 1070
1007 947
661 420
1243 756
432 880
1487 1367
1716 106
1106 1535
1188 1051
1026 1184
949 195
1261 1185
209 52
694 449
756 820
1078 495
754 863
473 433
655 452
1597 1534
1605 643
1590 1476
322 373
77 1219
423 484
156 1359
554 14
723 1138
309 1286
983 167
100 1587
286 993
1355 912
660 66
1070 1706
1720 1348
392 101
1759 980
1444 120
817 881
711 396
199 82
1476 576
275 925
390 904
408 1297
746 1642
494 93
1666 767
576 1190
1651 1336
621 37
1655 1367
1418 1383
445 1297
1598 363
1668 499
420 583
899 442
301 1476
1412 1177
955 1469
1508 1079
1479 292
1685 78
733 286
1341 1134
603 545
661 695
1749 157
842 1251
116 912
1086 1497
882 560
680 1403
1279 1286
1040 409
288 717
84 1660
1706 631
647 1020
1451 1576
716 138
1250 1337
1151 903
1602 1526
908 1515
1459 1185
598 255
977 685
1394 1603
779 963
1065 745
645 928
346 248
1718 885
21 202
1547 1414
1249 1550
1698 652
22 1095
112 1747
196 1674
316 1596
395 612
1441 1756
865 1138
1616 1084
15 488
1100 247
276 747
236 798
1216 1398
1404 247
858 217
988 1722
635 565
63 1587
529 1537
494 387
157 1352
675 1055
405 713
1134 1263
1123 854
1236 1392
1444 1589
298 83
393 1314
1470 796
889 235
687 643
1517 1555
1744 1590
563 687
361 565
1357 1164
374 213
1007 679
70 1502
1475 147
61 1261
456 1239
626 51
847 1069
370 1587
253 869
859 8
301 1248
802 1597
683 789
302 467
793 1647
794 159
846 1676
535 232
465 352
1543 589
1731 976
995 1054
659 1144
1687 638
583 1221
33 424
985 1340
1525 519
568 721
571 860
1027 785
175 1499
690 1529
609 1678
269 412
563 1073
786 1472
1118 820
1619 1537
781 797
662 1261
575 1731
883 455
1641 564
1402 453
1106 719
1162 1714
726 363
1563 716
740 1071
1749 1351
672 1303
1751 968
1 438
529 1642
1108 206
106 1629
1047 985
1338 738
479 964
529 1552
1746 111
591 1490
366 1166
330 583
800 779
1611 513
1166 1409
1584 1126
334 386
1708 1330
1260 467
867 1043
968 267
1295 716
534 119
349 435
668 1561
1712 1746
823 580
573 1449
1078 642
1198 1354
1629 1166
768 860
228 1466
356 90
726 523
961 1201
467 1528
1200 709
974 1582
895 620
431 879
1199 369
1105 1006
598 435
1381 532
1630 259
974 415
388 1450
547 190
858 1600
401 534
741 1462
22 1376
1471 845
231 1000
86 253
1323 1104
1099 1391
253 1579
981 547
974 450
668 1643
1344 338
702 1582
1004 492
685 1702
1245 52
14 1730
1139 483
1307 293
898 421
194 1029
624 1596
1317 813
954 1275
728 731
1295 811
134 771
1363 1609
781 906
1662 806
1277 235
987 1702
92 918
969 322
453 428
1277 38
836 580
1694 1171
796 1258
1256 1278
1313 922
1322 879
414 1097
1672 483
113 285
1593 907
106 816
1321 75
400 17
185 1404
795 1378
1018 1482
827 59
182 1302
1199 518
1255 1109
239 1345
1534 1487
196 1631
637 929
1386 935
93 891
852 915
1545 1379
40 1555
769 1649
1311 1320
1145 753
1351 713
631 260
225 1537
1304 1694
