5401 4044
1960 2721
2605 5279
4860 4688
5303 4441
3623 5029
2400 2727
1375 1410
4169 2753
2160 4854
4563 262
4183 2509
303 2515
4385 4782
4713 3508
4756 3860
3663 857
263 232
2650 526
493 2182
1907 573
5219 1985
1811 4934
2153 4952
1776 4242
2906 4485
3177 50
530 4847
2781 2805
4637 209
564 1361
5317 2265
2581 4485
3250 4805
4317 2471
4501 1905
3262 5005
3424 2547
1402 4186
3411 3082
909 1813
2553 2002
3476 725
529 2682
815 807
4536 3730
707 5305
3998 1017
1071 2377
4292 2100
2181 3489
345 4223
1342 1002
3988 41
2346 4232
4990 578
502 4567
1671 1232
3563 1446
2005 5163
1506 5053
5309 4751
2331 246
4220 1724
79 1850
1908 801
780 3519
789 3357
1902 3521
5345 458
5012 2219
4243 3098
5373 1274
4340 946
2030 4083
4316 1670
2581 4836
2352 78
5399 4488
1467 5375
3459 3182
4254 4487
4234 3312
4001 5313
4687 1333
165 4546
1796 4343
1328 4187
2237 5264
603 959
550 2061
2991 3970
2946 1568
1688 4832
736 459
5280 902
2135 3402
3386 1963
2948 3692
4357 4169
470 139
2554 1497
3532 3872
1234 3921
4250 4510
1718 199
4039 5275
4436 3099
2298 2258
3338 3683
4588 3677
3773 2514
1004 2426
630 4489
1242 1578
4631 4586
2585 4070
3957 3922
2988 3989
5086 4025
2309 1418
783 1012
2839 1224
178 4760
604 2108
5210 1865
4231 4569
2197 934
4345 2112
2615 3524
1455 534
5010 4668
5305 3203
3548 1853
620 3070
3077 607
483 3947
310 4420
48 1875
5024 2352
38 1143
3800 446
5297 3624
3003 3982
5062 2131
3259 2647
71 2408
2485 4999
2728 4984
4348 3519
5232 3842
1236 1349
3353 3585
3133 3486
4631 4890
3118 3800
4092 2935
2715 4989
2986 698
1383 3353
4295 1535
5323 3799
3687 908
2919 1836
3568 321
3478 2645
3582 4046
3176 4747
2255 5297
3106 3026
5200 2709
2456 2144
3596 1152
4734 1893
5015 3366
1011 1245
290 3393
3126 5310
4104 290
1511 5072
333 2180
3362 421
1252 1802
4939 2140
4295 4758
2075 953
5004 2215
3954 3226
1428 716
1048 4178
5320 4467
1190 2933
813 725
4289 4520
3219 5277
2394 2208
1144 5342
1347 654
3919 2372
4863 1513
3259 2750
771 2248
4022 2654
4777 4837
1417 3911
832 1060
3737 995
4862 553
229 2616
735 5125
412 1000
1259 3117
3570 792
4512 2854
3357 4050
4552 3484
1401 2405
3674 1234
3040 1148
4146 3173
1024 5246
686 4579
2463 997
1207 418
196 1005
5317 4439
2353 1238
2993 1801
3638 2055
5246 3083
5074 4941
3696 615
2229 2010
319 910
901 2808
5005 3539
274 862
2355 4399
2809 2281
1483 2221
5332 2915
2592 4263
1446 774
2641 2511
1975 2783
3302 1827
5317 391
2406 1521
813 5286
3391 1493
2687 5212
5228 3746
4111 1100
3676 2786
3789 4755
865 3281
4468 3300
3284 2174
1018 1101
4591 3856
4726 2901
4674 28
2758 387
2182 4226
2477 3110
2672 1041
2172 5195
5315 312
2283 2542
2256 4524
1871 4681
4972 4099
773 2497
4142 3205
3236 3386
3192 536
3517 5215
811 4232
2973 4814
2311 4331
1991 365
2177 2601
4444 44
4820 2026
3163 1711
3634 1132
4834 4752
3443 2983
2177 2037
4694 162
599 2421
2307 3025
216 2267
2390 5127
1356 3543
2305 2457
2577 4831
400 4124
2739 5294
5211 55
5163 3137
5128 1576
602 643
1657 1538
1815 3952
1398 1879
2597 1935
3470 1014
4593 4770
3213 2614
3803 4306
446 2268
14 128
3209 1069
806 1184
5175 4934
2171 399
277 3633
5187 315
1977 4873
5047 2592
1951 2634
1966 4815
673 3031
5356 1758
4995 1113
5060 1386
3392 1612
1944 4355
463 1632
2978 2855
2268 1237
5314 4186
4960 852
4040 4293
2773 3158
921 3745
4365 4269
5337 3945
5390 459
2798 4009
4743 4554
4013 4812
888 1252
2544 3824
2114 2334
4284 4596
3209 2730
5112 1171
1949 2063
477 3574
3677 133
1713 4657
4002 1147
5187 893
212 46
3703 1673
2525 2538
4740 193
2745 670
2127 322
3333 952
380 1782
3106 880
3949 542
4481 2404
2362 3962
4815 5094
3014 4374
1533 5161
63 484
3638 5166
3419 1839
77 2429
2585 1658
3035 2602
183 2324
727 3554
282 4590
3919 921
4196 3744
1184 4026
2376 5136
3278 2391
4737 4070
4382 4978
1708 281
2003 1323
4868 5332
686 489
2705 3507
2260 3068
3287 1391
1680 2059
1547 3246
3196 640
1597 5394
4829 68
4576 5268
26 1198
818 2029
2167 2535
93 5044
1041 1265
2964 3696
2293 1877
174 4456
4042 2330
3184 1641
4042 1941
2483 2688
525 2595
4922 2492
807 1698
2393 4381
4168 289
3943 3268
4398 744
4327 102
579 2460
2496 304
3790 4074
686 2224
2085 2754
4062 3321
3836 2393
4679 552
421 627
142 1865
3685 116
4458 1433
4270 3360
2768 5147
1368 610
237 1692
3525 576
4039 1846
765 777
4100 1015
1943 485
1843 4063
901 1414
73 3778
3428 367
3610 2013
2636 1033
4983 2617
4051 3335
3112 3047
5023 870
2572 4339
4718 4376
1639 3975
5168 4428
4387 3025
3397 2121
4009 5188
2783 2404
2360 3909
973 1191
1529 3505
1309 4453
1471 3702
4 3765
1368 4675
836 1131
3526 2221
4661 48
276 1497
2150 4570
3977 2349
1829 4097
5346 4841
1345 1752
353 2818
2507 339
3900 2105
43 1193
1224 2836
1733 594
1521 2597
2056 1444
1277 997
1086 2524
4240 5126
843 165
3478 1702
1242 599
5084 2449
926 1017
5121 187
2730 281
4379 2441
261 4322
5346 1882
4075 423
2125 4456
3743 1058
4051 3987
2031 1729
1449 5111
2624 867
4652 1576
2506 854
1526 4426
1310 2435
3242 815
612 1575
4899 4689
4289 2264
2961 1584
187 2539
2146 1785
1925 1348
1740 4694
720 3370
1649 3543
1912 4034
4153 2832
3611 2591
5198 3663
5217 3404
255 50
879 2694
1213 1104
2140 5286
3370 3226
5237 4499
2960 319
4489 2046
119 5045
4685 2942
3868 983
437 4478
498 2445
4406 580
3031 323
2924 1396
2936 301
4174 3126
2314 4255
1226 893
3614 3031
5346 4219
4018 2777
278 3796
4047 3803
3175 3435
2395 1204
1307 2558
2606 3173
4340 2169
3905 715
4829 1948
2687 17
2217 1232
3024 3034
678 1978
2674 2105
1014 2816
3827 1635
3592 3844
2217 3442
1854 2270
523 1923
4955 4178
4653 2701
1308 4179
231 4912
3144 1767
474 1449
1019 335
4349 3186
3810 2065
4141 4493
4948 2529
1004 4112
4340 438
373 1932
5149 3891
1159 748
876 3085
2058 3596
2461 5178
165 245
1493 103
1477 4008
1328 1006
4899 4266
2978 1189
887 1578
3094 4071
232 4535
4597 4354
1291 3782
2776 4829
635 2939
2476 1223
4325 4941
4977 2376
4857 3862
4079 4278
1492 179
4517 341
2577 508
2642 897
4752 2454
577 3976
2289 569
5315 4467
4398 4657
1815 4910
3161 1588
1499 4032
1490 393
2395 2631
2842 4981
4938 1654
1764 1782
4401 1463
2323 4541
3789 3688
2054 1768
5200 5184
4880 4425
3293 2648
5119 3654
118 3585
1696 2404
627 2667
1835 2956
314 2096
4654 1895
4417 27
1621 756
15 5273
2261 4818
3591 1307
1635 2728
5125 3026
612 1259
4557 374
361 4284
1328 686
1998 1375
5341 238
4004 4864
3338 4201
3520 171
556 4875
1241 1478
280 3929
3183 87
3959 5007
2749 2723
2831 1019
3031 4605
2586 5149
2849 3842
404 1639
4118 5087
4087 1765
4189 4500
1002 1932
1848 5237
4265 5085
1253 1580
823 1841
4865 3464
3753 2642
273 5156
805 1600
2992 1834
4266 4335
4886 2423
4044 2742
774 3462
2794 1171
5007 435
2578 5291
1737 2802
2218 332
3988 5072
4862 3376
3539 3317
1471 1046
5395 425
4971 3037
4096 3539
1885 999
2401 2497
4184 2229
3926 3657
4672 816
3243 2545
169 3739
4828 3209
1524 3907
1375 5118
1241 512
591 978
866 77
1564 2797
3853 1584
561 1563
1975 72
867 5378
3363 4493
2793 4017
5238 2177
4024 2756
2694 934
1797 2029
3078 1765
4214 2274
2525 3374
488 4488
1792 2573
4666 3901
4586 244
1868 1804
3528 4849
1165 2333
3974 383
4512 4424
2021 5084
4467 300
4275 4085
2181 4208
3310 1531
742 1247
3400 1544
4872 4948
4552 46
1167 3572
461 577
944 3470
3577 3731
4965 536
2120 4027
819 4161
273 1576
5157 5261
3517 4111
2169 1045
2130 3468
1365 3424
4973 1399
3597 614
1926 1080
3943 4785
5337 1400
118 5366
2510 4919
1795 4809
2410 274
1064 1022
2947 5027
1046 1628
1335 1862
4108 4297
5197 1814
4100 7
3084 1184
2694 545
4106 4067
3541 804
1066 1889
4066 1427
796 4407
3922 448
4925 401
2617 520
2722 974
498 3997
2790 881
4495 3234
832 3789
3281 5021
205 1920
1001 356
3264 569
4534 4760
514 4903
2831 320
1598 1893
1780 4319
2382 182
1896 5300
3068 1206
1359 3211
4044 4545
251 5185
3141 312
5103 3036
4735 3709
344 585
615 2624
4919 3299
1120 3241
447 309
2370 3110
1094 3015
2240 2725
2514 2668
2010 2232
4974 1283
1648 5199
3162 2998
1885 4355
751 1732
3156 4987
2625 686
508 749
4339 957
3313 1239
385 3467
578 3910
1089 2079
3277 2221
401 2991
2553 3966
3162 3311
5260 397
1105 790
908 2486
2534 4831
4385 5270
4004 2797
3316 3732
4736 2937
1409 3594
4549 3837
2672 1625
1008 1778
4555 4022
510 4023
1662 4157
3600 2670
5264 4470
4211 1344
1151 3566
782 4902
4016 3289
1411 3494
736 2856
4942 3711
4829 3749
3942 2219
1964 180
2896 326
2400 3992
2706 171
1728 2638
3369 2564
3137 4424
697 91
4665 2025
5036 1071
5214 185
3449 1914
1188 2406
5080 3998
4682 3177
3645 4193
4866 1545
4784 1133
3924 4568
5235 4065
1210 1338
2436 2760
3853 4566
910 4728
4390 1408
2347 1423
2871 2590
3871 2049
1350 2782
3677 3530
1420 3623
1280 4546
4170 1049
4441 4204
1004 1225
1038 3340
1264 50
1682 1889
3717 762
1237 894
4836 4842
5328 4028
5161 228
517 666
4581 2042
3329 3032
1396 2798
5291 3188
3148 933
2681 1377
2904 3730
2003 2770
389 744
2040 3376
3401 4640
4778 1604
4529 1527
3115 2112
2702 352
4490 675
3356 627
3674 4189
1409 4558
2791 4655
4214 1641
4501 1703
2149 4522
3890 3657
2540 351
3000 4672
4273 2137
1567 1068
5124 1159
476 2742
3239 2380
371 167
769 5235
2376 144
448 255
4187 2824
3117 1847
252 57
416 3069
3299 3451
4153 2043
3409 4783
2818 324
1247 393
851 4764
1185 1052
3794 3559
3184 3352
4312 4100
5313 3511
506 4922
2189 1839
1162 4137
3452 3357
3323 1356
2760 2571
1035 1150
830 4957
4279 3443
4896 3405
1111 4490
2238 1161
2151 1990
1244 2625
2956 1061
3463 4730
107 3119
975 3354
256 4020
2430 2626
2153 4170
2546 415
3315 892
810 1696
1051 2953
4681 3242
1408 3322
3585 1697
4483 1380
864 789
2119 3497
1621 4939
33 1342
583 4252
1502 4870
475 3546
370 2092
1201 1001
5147 3995
200 4955
5191 2558
2215 4449
1493 3368
2774 2224
3463 431
3131 3672
1982 1240
1236 3743
554 2972
1534 439
2045 4786
5210 3909
3291 4254
5342 1081
5337 1784
2710 4595
4750 3378
2894 1283
819 5203
5241 3400
5375 290
4894 5166
4643 2602
4700 3086
3751 5178
1515 4093
5302 353
4824 3522
143 3340
1395 1218
2782 4869
2974 1203
4392 231
5322 5180
5279 2911
1094 510
1339 1305
1308 4099
4140 5000
1329 4900
1459 2592
4546 487
1822 3245
3591 2513
260 2085
744 3596
4201 1584
2836 4171
2177 232
4895 3508
582 4675
2614 1367
105 2409
238 3175
4921 1352
3778 346
2797 714
3425 4489
2787 1563
5083 5175
1800 154
2423 510
8 1370
593 1607
3852 1799
3752 1721
1227 1479
1513 3658
4859 4438
2810 2421
1243 3586
2977 357
3217 3191
3639 2408
5129 501
5304 3972
4510 3169
885 776
3861 3020
4189 780
1543 4311
756 3803
5034 306
1987 2782
2929 4062
4759 2418
2406 719
3508 1610
1506 1323
2418 1679
3501 3222
3923 4183
1475 1971
3914 326
3778 2797
1945 2552
1901 5161
2676 1115
668 1565
640 3142
4681 1341
963 1001
5093 2041
2307 2777
1214 4076
3804 2396
3149 1161
3432 4635
4125 844
3229 1706
1305 1427
1874 2971
3672 3915
4662 1858
4458 901
3506 2606
3254 243
4295 5063
2436 1082
3066 2343
4312 3663
1815 6
3669 3421
4861 3572
2865 4499
2350 5281
4429 2345
1151 4214
1196 4969
4973 641
4539 859
959 3811
5350 23
5007 3042
4011 3336
2680 2300
3179 2842
3044 2443
2594 617
2827 2453
814 2914
641 3746
2321 2468
213 2970
3106 3631
2951 3359
2026 2956
5042 3345
2057 192
2605 650
3743 456
4613 1115
5273 2008
5271 794
4164 517
3678 3257
4741 1707
5033 1107
4528 1264
3343 1650
2677 1993
3128 985
1251 2212
333 3260
542 1663
1181 2206
4472 5169
2379 587
5040 243
1702 1907
2163 1392
1763 4756
4855 2386
4960 3554
1554 78
2383 3381
4096 997
4747 2896
1782 228
4454 4638
40 1794
1713 1778
5315 4505
351 3666
162 1774
5224 3600
526 251
3596 4363
121 1765
4193 2490
903 5258
3334 2264
2842 1387
3887 3689
2144 675
3692 355
1071 5378
1680 802
2494 3737
4300 2480
1843 337
2070 84
70 3293
4513 2974
1499 3373
2377 1717
389 1668
3622 2297
2551 4526
2286 2821
5085 871
4478 1732
63 1153
5159 4751
344 115
714 4954
511 5221
3182 2710
3741 2460
3157 1705
4099 4296
3234 3824
552 2007
4907 4590
3055 2384
4240 4103
706 5125
1370 4759
3982 3349
2768 4052
1245 2410
1413 105
1876 4839
754 1720
2048 1148
194 4130
3744 373
4370 4339
1802 1985
3225 1100
3721 3940
3152 1080
4950 3575
5298 4336
2200 902
3941 3333
251 1179
132 2997
4476 1816
38 5243
2693 1678
3214 5182
3462 3561
5380 4049
4530 1885
1972 420
1549 2818
3326 921
3661 3119
4547 1774
4913 2076
2161 217
2285 344
1704 2728
5169 1518
2346 4683
4012 840
4855 2978
2146 5325
2245 3557
1060 5228
1481 566
2165 5211
70 298
916 3923
5375 37
2691 647
62 2639
2082 2066
2769 1135
3244 1602
2019 2618
5134 2190
3837 2078
2223 897
2951 5177
1061 3463
5309 3115
1416 4378
2709 5364
4525 3561
3536 4906
3042 1492
5104 1221
4436 1173
3983 558
3939 4200
1376 4647
4741 3529
2062 4636
1500 3409
3738 3551
4988 4049
4037 1567
2421 1678
998 3994
1376 3379
5061 192
386 102
4385 1582
1817 3645
1710 1096
5053 2754
3372 4463
3698 3514
1998 700
1302 2231
4086 1444
2487 5187
3342 3543
5002 1379
508 3853
1666 3152
2334 4229
978 1858
4958 4713
2094 1124
1386 2423
2711 3816
3968 3805
2407 3924
4066 1466
5006 4491
2287 4091
580 2123
3162 1762
4847 2914
2757 5173
5322 4295
4182 3541
69 2923
2082 1862
2015 2526
5363 2002
564 3430
5150 515
1304 1676
3931 1451
1052 83
136 415
1136 305
2090 1930
1360 1747
238 2590
4989 17
1554 5335
940 2912
1574 1275
4423 2388
944 4512
4239 4384
1429 1413
1184 1684
3295 3271
1503 2188
1487 1436
2584 1050
1131 2811
4212 995
3419 3674
2438 2966
1664 4899
3252 4669
570 1571
2746 963
4590 4799
4354 1261
1626 483
169 3678
3078 314
3381 4012
2558 1296
4035 2772
4389 1408
3651 4454
3353 1412
1404 5192
5239 720
2426 2199
343 3412
232 5323
3648 3547
4949 4077
658 2283
1851 3220
2035 4292
480 3531
4128 5123
3188 3860
170 247
2651 4599
248 4837
733 2904
4449 1927
5184 2595
3924 5303
4224 385
1402 183
3536 1580
1696 4212
878 3596
3338 1473
4774 3920
3681 2270
3870 3648
2826 1442
5389 5301
947 1658
2661 5145
1014 1165
1551 2959
1561 5107
3785 2453
2386 2130
2195 1189
1160 1671
2222 3311
2571 1108
313 593
5090 2256
170 2940
2786 5055
4697 2467
409 2108
1129 1741
505 5016
4518 4270
3437 4528
547 4979
1104 3561
2064 627
4381 323
2359 3039
2881 4589
99 4335
3429 879
5129 538
4007 2331
5097 4065
2059 4544
4580 1023
3929 4721
1563 2987
449 3535
4696 13
4297 4322
2337 1929
4062 2066
3975 3105
556 3221
923 5081
3370 3079
3759 5115
4726 5231
5010 4600
4933 2799
902 4863
2014 5223
1738 1928
84 3631
2964 4861
856 4342
57 2604
3584 5277
1900 4176
2227 4749
3735 3135
4305 1727
1011 4076
3166 4776
1936 144
1465 2717
2485 3652
693 4909
5385 522
2023 3775
3217 1228
4680 4595
1491 1363
1135 4850
3116 3735
3080 1045
5260 3588
4106 2928
2460 3294
4353 2896
3065 767
4902 4085
177 2737
1790 4086
4267 1080
762 3739
4964 435
270 541
1720 2601
2505 1850
2011 2906
3320 606
681 3033
3352 4775
1921 2943
3956 1577
266 2851
5344 409
5270 1656
2540 2044
2772 366
4522 4226
1394 4695
774 533
490 3761
1024 3919
2854 1161
2493 4607
1329 650
512 2112
958 2411
5341 1296
736 1697
1182 1537
5113 3167
4937 3645
943 260
3418 442
4432 1122
105 1485
2186 2174
2926 3258
5223 1656
952 4201
1129 2887
3527 266
3789 4892
325 1178
409 2390
2148 271
4936 1426
543 5138
2887 4796
4725 2517
4252 110
1358 2858
1804 3260
1793 1640
4335 2862
1074 1013
179 925
2463 3715
637 812
5321 3451
1171 2906
1720 1623
3195 3115
4347 3178
4020 4106
2591 3566
4930 268
591 2842
473 4468
2142 3184
3828 4472
4726 3755
2640 4141
2512 2460
175 636
5243 4295
4225 4933
2812 602
2757 3247
4060 2508
4308 634
2013 2715
1370 2225
359 4529
4348 2821
2081 1458
5382 3022
138 4701
216 2772
82 4612
4602 4951
5367 3435
4400 1866
4033 3057
3384 2633
2767 3193
732 1798
3324 64
1185 5150
1870 4894
1048 366
3008 3651
553 2639
2752 3757
567 4728
1088 2206
4155 3396
2033 4106
1545 4232
341 5172
1176 2157
4508 1779
2383 393
3128 2415
4675 4790
1933 4163
4462 3911
4087 1014
2031 1646
485 208
3981 5318
5158 3881
5392 811
2058 112
1755 1500
685 3880
4902 127
504 4231
219 2099
3712 4997
3091 2304
3556 928
2382 1501
2749 4562
4917 4886
3984 2083
1460 3312
3415 211
1842 1814
4672 5030
1219 1690
3508 1015
5367 4497
4205 940
4782 192
4764 3049
2435 3598
4980 1055
2637 1263
978 1536
5220 3326
1193 5236
3043 2604
1064 5169
4806 4907
1565 618
1657 5084
3040 4243
3750 1555
4819 498
1130 1751
2827 4856
4710 3561
3858 404
2515 3050
1997 3255
1372 1205
2392 3176
3699 3320
1657 5041
2846 113
1105 4958
2563 1754
2405 1581
1645 3434
1502 4246
4749 4782
2012 4677
413 2566
249 809
4807 2358
1107 4785
3608 3283
5107 4693
4454 1330
3441 359
5229 4797
440 378
1288 667
1299 5384
4719 3306
3291 667
906 1803
1166 2305
5389 3527
896 4376
274 1183
4884 2748
5099 3131
3937 305
4464 3579
3629 3815
4981 5040
2105 2032
4922 4501
1847 5239
1492 528
2471 1282
2247 1861
1596 3546
2952 844
4523 1582
3619 3827
343 1357
1862 4284
4657 822
920 500
430 976
1909 1899
1171 1593
2528 2158
5288 2812
53 4736
4872 4991
1748 2258
3459 2350
2692 759
1821 2381
3550 3268
209 4704
2000 1107
2926 4088
4012 2000
1608 1840
2738 733
4681 2578
5065 3537
2669 2955
4125 371
1469 1185
5162 1244
3144 948
595 2541
5186 4284
694 54
4331 2963
3220 2799
4054 108
155 3189
5084 2669
3706 3853
2858 1082
4948 1043
3005 4016
356 3180
3587 3062
2138 1256
4020 172
22 4243
3807 2758
47 3863
1391 3974
2917 5147
5096 2599
1305 3516
4438 4483
3559 1396
2971 4661
5180 3813
3108 130
3465 4933
4109 4478
705 3887
767 4781
1082 4835
1588 1250
3908 804
1467 3534
2142 3379
3050 4386
838 3474
2834 135
779 4771
372 834
2092 2839
3178 3749
3680 2546
3445 2482
1668 4644
2310 3439
1024 5211
3450 1279
2452 1443
2424 4749
875 2792
881 2736
4978 2720
3080 4821
5048 1974
4992 563
5156 1200
5317 1179
901 409
355 4318
482 1269
4830 5165
1773 1937
1569 5172
4766 1773
3506 1225
4877 5010
5317 5016
2563 3766
2159 3105
2293 704
1950 890
4374 1623
243 818
4549 1916
2453 2397
3276 2992
595 1599
3346 4747
2451 26
3347 1612
2256 2723
298 5118
3689 390
654 2815
1520 5215
2743 451
5158 5215
3114 859
4647 3604
3962 1084
276 4776
623 1331
3136 478
5028 4775
2937 1519
4006 798
4945 5011
2353 2938
2716 2939
2869 168
2814 4333
3168 216
4884 3378
698 4174
3018 3548
1022 1635
4508 4607
4488 878
4778 1129
30 5260
2569 2944
160 2403
2457 769
462 4826
3688 3383
488 1297
5039 1118
2162 3853
2632 3165
4359 1082
3336 5129
1946 3307
4415 4597
5253 2540
2998 1679
3654 240
817 107
4224 1558
253 1820
4267 3582
3130 799
3189 1019
3457 2734
2149 4692
2400 4366
4569 4525
983 465
1129 5307
4133 3466
939 2036
2598 2768
273 1591
4508 2482
4760 1246
1448 2842
5243 4269
2739 127
2726 3893
1925 1812
4999 3066
4571 4486
2461 4144
349 3727
2842 5356
3062 5149
3573 3968
1715 3854
4000 3949
483 2332
3182 1028
4440 1937
4433 196
2879 1975
4092 2649
1282 2499
376 5288
2666 1268
237 3999
1725 4212
4314 5303
2847 5179
3422 5114
4803 1629
173 410
5299 4676
2289 1401
4073 2856
2613 5001
227 2310
2796 1107
4949 2500
1847 2455
3776 3658
3458 2449
1985 4366
4861 24
2010 2461
680 41
1196 1701
1746 3567
2015 1428
3477 977
3696 3293
3402 4200
436 91
982 217
3825 3548
3370 215
4180 3012
2034 3902
561 5389
4986 2835
3674 18
1649 3612
798 4499
339 5369
4723 5276
4038 3642
2338 2582
3045 2118
2659 5277
3928 4517
1975 5399
519 2059
930 5215
2118 3083
2515 5372
1630 3622
1719 1593
2468 1438
3552 397
2459 2240
1940 3989
54 5306
3719 5364
4822 3861
3278 90
2934 5169
394 4349
1167 2495
1643 394
2938 1116
78 2319
4607 1197
3408 5012
1404 819
2045 1912
5119 3448
4646 2603
1364 3859
431 4806
3606 3958
722 2129
1934 3391
4007 1331
3679 4600
3591 2009
635 2412
4182 1712
5195 2677
4839 1412
2971 4294
2465 5098
2340 3456
2082 3025
3573 1472
3261 3461
1285 4291
3214 3766
624 2423
487 2254
1096 2956
5333 1216
1225 2624
3643 2001
2465 196
4989 276
610 4574
606 3322
3990 3002
5394 234
2916 1594
4589 56
4090 1133
604 2289
2094 2927
871 2001
746 3893
2222 3632
3042 1050
345 1628
654 3400
1584 2838
3997 4134
2895 877
4856 386
2122 4721
748 1963
2596 4861
669 1234
3496 2251
4241 2963
2442 2469
2819 338
1954 3704
4552 1470
2876 3214
4539 3681
4371 1153
953 2502
72 2943
1244 3049
3217 1429
3163 2480
903 1294
4583 2879
5141 166
2180 81
682 2779
4465 2845
3375 3412
4223 422
899 3472
263 1191
3533 1971
1617 1215
1537 3592
179 4314
2082 1185
3027 1213
723 3893
4718 1385
2205 740
1282 3621
4762 4222
568 398
4587 1746
4148 4620
2451 1115
1008 831
2985 1978
3321 4629
832 1608
3140 214
728 3885
2781 2365
3763 4077
2850 408
3873 5278
1494 2599
4236 4719
2224 4568
4600 1735
2097 4597
3959 893
3859 4149
5259 4401
1340 282
3656 2118
271 3630
4013 5339
3473 4442
3363 4906
1587 23
3264 1764
2010 4274
3613 3133
4819 4706
4045 41
2761 2190
1912 4226
3915 22
1695 1110
527 2727
3411 3159
1040 695
2972 593
2127 1052
1171 2631
2062 391
4506 4476
5048 1859
1269 2490
1474 2540
2466 5058
4973 5328
2090 457
3126 3587
897 920
1264 1024
3631 3541
3405 4068
247 1670
891 105
2935 1983
2328 2994
1795 1881
3488 4327
4731 2996
4770 5350
3979 1826
4668 5300
2743 306
3259 3428
2830 107
3293 3879
952 3588
3525 4469
4121 1872
1051 4382
1485 4887
1652 590
4035 263
837 2075
3340 2023
1703 3287
2799 796
4725 3696
2605 1475
4498 3501
3789 4095
2014 254
3377 4424
3471 4762
4408 4033
3063 2516
4444 2188
3006 1815
1991 4099
2423 4264
1067 720
94 4465
3834 3258
4608 4938
460 2209
2683 4288
3193 2942
952 430
1985 5076
4275 3551
299 203
3167 1168
2043 5310
2079 3763
2329 210
3971 1238
3765 3234
293 621
4281 1427
3506 4566
3534 3801
4302 40
1304 336
3311 2006
151 5105
4688 764
182 5011
2540 4275
2649 3804
779 3423
3525 4514
4764 458
4157 2204
3427 834
5368 4885
3495 3668
5267 420
4557 4344
4221 2067
3411 406
4840 1461
762 1895
305 1646
2810 4421
2823 1362
1167 4520
3076 3241
1454 2520
3421 3027
887 626
4216 3931
3423 4050
3947 4406
4201 2857
1406 2914
1055 4725
3113 2924
1655 1356
1286 4463
2996 4834
4507 4209
1175 3467
4610 447
2875 1891
3813 4132
2769 2909
2395 435
327 4509
3127 448
5310 1783
3292 2302
3752 3703
2293 1328
1529 3578
630 2062
1249 4064
47 2359
4924 5235
5092 2339
4594 4165
3557 2434
4740 776
3559 990
3159 3999
4152 3100
3541 2382
3591 4710
202 1220
168 2701
2830 1503
2099 3424
854 5022
1040 4373
1034 3422
1721 4727
1496 1032
3861 4809
3082 2744
4425 4518
5397 65
1951 146
4940 4866
354 3743
2679 4636
275 3983
2424 4022
4005 3242
1629 223
841 2520
2657 3286
2988 2029
1149 4929
2347 403
2879 5399
490 5152
2909 2525
2321 2860
1148 2634
3533 2006
2993 2720
2392 4494
2395 4509
5143 685
2540 3922
4871 2392
3778 4730
2144 3381
2499 628
4629 5055
864 1204
3533 4970
4245 419
5232 922
1870 2744
4992 209
712 3539
909 1295
4292 4543
372 4106
690 2712
4751 4559
2815 930
3814 5356
2620 4490
2624 4834
1616 1535
345 653
3165 3828
720 5303
2355 2649
2765 5309
4128 1491
3223 2232
1567 1034
114 848
5364 1062
1301 683
131 4315
4628 1184
3258 5152
4893 4397
5398 5286
2160 1833
4030 2991
5244 133
3098 4785
2985 519
3958 191
1678 4347
482 1876
1640 2806
2085 1268
3600 4849
2269 892
5290 1391
4468 2107
3105 4402
2516 678
1777 4518
999 1196
1623 387
696 3201
3644 4673
2104 5135
999 2654
3206 2730
2521 964
4684 741
5043 2784
1810 1382
2138 3286
499 2616
5247 3939
63 799
8 872
4470 5258
3617 2237
180 4844
4167 1348
1825 284
1850 4845
2561 1444
2832 3543
1549 2395
3203 4140
1018 2681
2563 3594
4011 4456
532 5179
3795 4924
2018 40
4552 3863
4875 5197
3748 3706
4137 1579
1930 136
4728 2736
523 1405
1542 5379
3696 226
983 1191
2430 1205
4704 3781
419 3979
3221 3025
2236 2021
72 22
5013 3017
896 462
1783 3784
5170 1402
105 2500
1613 2250
5183 1088
4140 1818
3953 5251
4818 81
1784 5313
2099 5001
4686 4656
1033 2682
1902 1801
715 5066
1302 3065
4533 949
2523 3744
3112 2090
3745 783
1756 5369
4378 1676
3949 3042
4472 1175
1522 2338
2899 5121
3709 1962
711 4188
2610 499
44 2492
1375 2561
4817 2148
2686 3392
934 1742
979 4934
78 2126
877 4192
2396 5370
4434 670
2710 2748
4507 1309
4738 587
914 1720
501 3701
3997 2922
3320 4078
16 628
2933 1317
3945 2004
3466 1402
1920 4965
4119 3493
59 125
4897 4033
1451 1454
3303 1561
1331 3298
1939 1881
971 215
2024 3252
3502 2669
600 2710
1104 3081
3129 1183
4843 2147
892 4813
3715 531
1142 3923
1217 1284
2149 3541
1117 4107
1365 1868
5022 3841
3272 5036
987 2937
1353 4102
5245 1509
2788 2759
3530 5188
354 2767
1968 2875
5191 426
1413 2090
2379 259
5126 5381
1075 3320
3433 1556
2898 2142
522 1474
4614 1425
3594 1181
2368 151
1056 1069
1027 1602
460 858
5329 3402
4828 1602
3300 588
3999 3159
4329 272
4565 1227
3566 490
2545 2997
3918 3050
3632 4532
1888 1402
3304 2657
2662 1241
2509 2410
5081 2899
4500 653
3350 106
1708 5226
415 4000
2305 4193
981 200
590 1793
599 123
1121 2999
5101 3901
3351 61
3914 3344
970 1441
2115 2719
1415 4282
194 3165
1980 4253
4572 2681
5323 701
4382 468
2705 100
849 1505
4909 834
5330 2729
3602 2743
3084 4775
4374 1938
455 5271
4403 1229
2316 3442
642 2067
48 3252
2553 4114
2237 785
2336 4629
5395 4821
3498 1049
3353 2317
2417 2532
2232 2863
3880 161
5036 4820
966 1091
2341 3809
4164 907
1981 4079
1693 2952
4576 4989
2042 874
3405 523
3707 1990
3501 2010
777 1653
4395 3629
3298 3773
2137 4465
2185 5195
1883 5394
1873 189
2009 3456
3164 956
5048 2975
5376 4231
125 5246
1199 1041
2281 4422
634 4380
2729 3222
2804 5104
2907 944
4712 1566
1475 4748
855 4457
488 942
2800 1763
920 186
4747 5154
2054 3680
5142 2416
779 3758
4120 731
3028 4459
1934 3931
2392 2254
475 4199
485 3241
2408 4005
4331 1427
4680 3279
3767 5207
1720 2873
3550 1899
3336 3029
1291 4001
2744 847
4960 4824
3978 2662
152 1346
1082 4166
1891 5154
2926 2231
4742 299
1950 3679
1772 1680
1833 5087
669 2725
3221 1459
2168 1404
1508 2108
4515 3360
2890 4029
1717 4069
2550 2749
4698 509
4278 1773
2749 1141
2810 5341
371 2529
4983 4661
3447 1519
4274 3190
3584 1385
4265 4241
2548 4865
2600 3672
956 2906
587 4655
730 4227
2469 396
3375 767
648 2357
3549 1180
2301 1707
2513 4669
2123 2808
2079 136
2885 3702
2361 230
1629 1590
1611 3502
3634 1376
1781 3194
661 1210
1159 2632
504 2344
3673 159
1683 1476
3900 3782
4231 2526
4526 4193
5145 4659
3774 5294
3760 788
978 2437
2358 872
5214 3241
4422 4051
1878 4323
4724 3902
211 4676
3366 1459
1273 5398
621 2828
223 1441
1716 4594
4813 3739
3536 818
4332 3506
1901 4495
3318 2763
4344 3891
4747 2074
2836 2076
830 4234
2292 138
2890 43
868 4986
1586 4083
1186 5043
5378 2047
4025 1120
3851 192
5068 2658
1864 711
2770 4458
15 1729
2982 5328
3600 5119
4907 1561
431 3703
4414 4936
3264 3987
3896 4686
5176 3762
1010 4780
2068 674
580 1511
1245 633
2054 3605
1515 400
3067 1566
4323 1273
4449 3919
4568 2434
1489 3947
1293 1654
3772 2019
282 2965
5008 4241
18 3214
2922 2533
809 4709
2482 2968
817 3942
4171 1854
4595 125
4469 3576
4514 1993
4030 4751
2593 4555
2383 4401
2120 2779
4119 5045
3908 3609
3260 4865
664 4124
1570 146
2872 58
3435 4854
4055 4649
5093 29
4098 4274
3529 4766
687 3151
804 4975
3366 1608
1529 2366
1512 3981
1514 1364
5377 3697
1878 4654
4860 3070
5130 1553
1058 681
411 2834
2824 3314
3019 3219
4284 5226
478 1527
1103 211
4184 1491
4442 4049
4739 4590
4162 4045
3066 4987
3088 3989
208 4976
5013 95
24 3167
832 4172
3277 1581
3151 3680
2340 3092
368 3930
573 528
2659 1144
1295 3544
3029 4015
4362 497
3646 534
443 1279
1540 2450
2380 4523
2851 3812
4705 278
160 5254
2015 2470
1274 2106
4900 3583
4319 99
2981 2957
2413 1793
4113 1612
3090 3682
1418 5041
3321 1753
1345 5399
917 5179
4311 3183
216 2026
4444 1733
209 1937
3434 4387
725 430
4604 634
181 608
1754 4346
3465 882
3547 3368
3661 4647
1535 1133
540 5236
1447 771
1962 3672
2665 5204
4214 4433
3353 2106
452 2118
180 3517
4964 3718
2604 4715
3016 4719
4876 533
234 142
4433 3760
3622 799
2223 18
267 5322
2936 3106
1532 1676
2328 4067
234 5040
5017 4908
3320 1414
4537 5021
3992 2379
1059 2589
4239 3194
4321 5106
535 517
3487 602
559 1230
1572 135
680 4329
4040 1664
2981 2781
4979 3845
4386 5147
1156 5384
464 4499
1337 3693
3880 5217
2331 2272
1543 2257
517 3840
1268 2668
3260 4037
3814 3082
1183 3311
582 2709
2682 751
4422 5072
100 3200
3486 1634
2557 3486
669 1339
3097 4831
3685 2172
25 32
536 1260
979 3059
811 3995
2056 4258
1012 580
3596 451
4336 3528
3922 5095
2216 75
764 919
2608 5198
1703 4163
768 785
939 3612
4900 3542
1671 482
4449 4861
5155 3639
2636 3221
2889 454
1878 1644
5287 1864
2680 151
4042 2477
1421 5054
757 3049
1591 2260
3054 547
4918 1987
1486 389
2043 2878
198 4197
3354 3314
535 4702
5179 182
2929 311
754 3942
794 4949
603 2322
4569 922
2938 3469
620 4396
133 1337
2147 4793
388 4482
1736 388
3489 3643
1030 624
258 4382
1194 4717
4903 1588
2722 4626
3740 579
652 5269
894 1934
3976 1729
2243 2015
1560 1676
4210 4409
686 2339
4888 1291
4752 5388
540 1887
2393 4400
1286 1086
2923 1237
3102 1033
2231 3492
4563 4863
2933 1513
4545 4490
3868 1082
110 2315
3127 4891
3229 3367
2822 3967
4933 1242
3078 4584
670 645
5197 4108
1293 1325
1120 2415
2158 5373
475 3682
5230 946
1982 575
1510 4772
1266 5347
832 5147
3569 3621
3828 5215
3510 802
474 979
128 3849
1263 2357
4720 4767
3810 5391
4580 4177
930 5056
4718 3409
3329 844
4345 4595
1901 1206
4007 4908
1137 4432
3716 273
5037 3934
4288 3253
988 1714
544 5306
3397 837
2185 4214
1578 4899
4376 3324
5225 1671
4510 5138
4711 5051
760 3536
5336 4818
278 2329
3793 2833
1098 660
2738 1063
1856 885
4399 738
2085 4217
3059 1146
3659 4725
3675 3121
5212 1626
973 3830
3504 2915
2309 4060
1693 4464
4078 4496
3028 3600
2189 1752
3179 5355
3909 1182
6 175
4559 4153
2764 1241
1170 1857
1146 1185
1438 3663
4705 2728
3852 3585
2720 2079
3953 5390
1621 4348
5003 827
4560 1768
4167 2666
552 2199
3803 2664
463 2002
2277 3259
2392 1227
5221 3601
4260 3037
3209 2994
2129 3408
5042 1612
1836 50
4029 1895
1034 5294
449 3428
3085 1669
276 3183
3855 5123
4147 4825
1714 1877
4101 2592
4650 4383
3340 787
4892 3684
1017 408
2742 3573
1695 2053
4631 862
1953 3183
142 1603
3018 598
3568 4227
4921 4376
1570 1393
277 2223
2938 1777
1981 2812
5220 973
4039 4714
1863 4145
4198 671
4076 1426
183 1652
3895 2217
3331 4349
378 2411
3059 4462
3267 4971
5270 4785
5081 1919
5296 2075
5365 5003
94 337
4667 3812
1974 452
2669 3699
2492 5201
990 818
1246 1153
5293 4276
1547 1829
4428 2514
4156 4361
4561 3965
764 457
3668 2554
890 242
1261 1607
1813 561
4782 4100
1208 741
4246 4776
4085 2014
4279 3461
2996 1754
2173 761
423 3073
5110 2500
1028 2201
226 4698
5262 1040
3393 4025
901 1487
4805 3968
2828 4136
3603 5071
4708 2476
2885 2974
3153 1830
5095 2265
693 4796
3456 3883
2258 2015
2318 1354
3928 49
1621 446
2576 936
3436 2668
1843 1551
3453 3894
5228 2806
4890 1505
4573 698
1369 394
103 723
1118 1510
2237 1501
1521 3464
5135 2985
1041 92
2638 2315
309 4998
3278 5075
4063 4499
1971 3498
1023 1582
2131 420
1102 1174
2142 266
3991 2195
2111 479
1111 3856
5020 783
2449 2213
941 3626
5224 1096
1426 1375
4802 1145
3869 1382
5222 286
3573 338
4622 351
2672 650
784 3688
4750 802
3373 1430
514 4309
1729 3580
820 4364
2553 3086
3487 452
2737 3738
4277 1379
3598 2877
2594 2107
4448 1803
563 315
2547 592
3871 4075
5212 281
4789 2136
1111 2228
115 331
3826 1823
3752 4696
3076 401
3602 1672
3649 4065
2784 519
4992 764
2493 5386
477 3573
3587 3756
3165 3613
4076 1311
3170 4949
640 3581
1460 4367
3383 3287
2469 4384
1091 681
4711 3233
3311 2027
4067 4776
3872 4599
852 2959
3547 5384
3368 3099
4047 5271
2962 1599
5278 3052
1420 3046
1000 5379
5100 829
3910 3194
3421 4463
469 896
3446 5215
4997 1813
667 1331
1955 250
3085 4421
2759 3757
3857 5196
4071 2818
1205 4637
3654 604
1980 4943
4816 1640
1218 4738
4679 1575
4989 4298
2593 5144
1326 1606
3882 3915
537 469
4685 4086
230 5159
1486 2483
1220 2226
1009 3153
2998 307
4254 2180
1402 2171
3127 4135
4384 1593
5108 2003
350 2937
4499 3290
4065 2192
3990 5091
2267 447
5217 245
1295 3605
2782 4717
2942 1185
2409 4930
2560 4198
5217 4869
2584 2003
3580 5346
3436 5153
3199 2111
4621 737
653 3764
2815 4308
948 1066
2341 2504
1069 2230
3337 5073
3234 892
3392 4123
3715 1442
1105 2727
3447 4120
4292 63
3024 492
4505 4065
2232 3492
2469 455
193 3038
4776 3244
3366 2327
1392 1337
1378 1703
1481 1620
2096 4329
3028 197
1773 2371
2301 565
4400 3627
3073 4282
4332 4962
2151 1384
1292 5399
1617 19
3990 3348
2848 3529
2657 3012
1084 3532
2949 4705
1782 1755
293 471
2477 2171
2390 575
5100 457
4306 1966
5339 2795
4152 75
5332 1891
3337 2436
1758 4039
4757 3312
184 4548
1714 31
1049 3994
4396 3849
24 4691
4642 3884
2154 5018
3590 733
3590 2384
2309 4363
4495 4724
2730 976
3160 3357
4236 3491
3013 2143
3598 3800
2011 4964
565 140
2110 5121
4437 1581
832 3815
1591 3021
3795 2419
2440 2534
580 2570
3806 4774
3169 431
161 263
1574 2052
1969 1798
4083 3503
4622 4729
5072 1270
2291 3214
2277 4687
1422 64
1687 3386
5054 4686
4320 1701
3987 339
5401 768
165 1177
5352 2065
3694 4769
4835 278
1764 68
3621 817
1883 1418
5185 4858
3641 13
1107 1336
1042 701
393 4506
3682 746
4987 5211
254 1957
96 3901
864 4197
2094 3386
2175 1006
4973 1540
4907 2917
906 3259
2762 2697
1871 1303
1895 5188
5370 124
1504 1197
4522 4872
5069 2170
4873 2642
3385 1
544 5129
4458 4166
3169 975
2706 1790
2966 4980
4570 2812
377 367
2982 5033
4786 471
632 3056
982 5110
1512 1578
3394 3641
440 4252
2888 3999
327 1272
3838 3988
3976 4876
4763 1091
3485 3872
4798 3399
2831 4138
2716 1686
2379 3552
170 1572
3937 557
1462 3287
458 3964
3601 5012
2237 2401
825 345
3498 4437
3968 2591
1940 2394
1774 2400
4505 2448
1087 3793
3706 2341
1454 673
3727 1619
2168 3058
476 1156
3723 4453
3688 344
3029 2139
4260 1974
2015 3185
719 2617
3551 3676
3837 5111
403 526
3102 1928
2942 1417
2901 4390
248 934
298 3835
471 1099
3976 1638
2072 4025
1740 3348
4319 5278
4904 3881
3417 5338
4091 4074
3325 4875
4283 820
1676 2315
1214 1532
4791 337
4384 4085
5012 4223
2929 2967
1386 2634
3886 1207
4636 3718
381 3772
4440 2251
2027 4181
393 3156
4142 5377
2449 1227
606 247
1072 164
3245 1282
5268 1569
2411 2873
4848 5400
3346 1055
5186 4684
806 611
1260 2126
1805 1699
1900 109
4559 552
135 4425
2961 1747
1216 953
3580 3838
2410 4506
1833 4627
2632 1612
1000 4380
335 2526
3085 1220
4436 3101
1305 2683
5372 3641
2080 1289
1614 3616
641 4269
3059 3675
1100 1110
4789 2540
1578 5076
2872 4458
4947 638
3532 466
1991 189
280 3887
3751 2842
5208 2077
1286 2143
1267 667
3154 3907
1889 4621
4793 1967
782 4950
4580 3327
2172 3540
2502 4635
5204 1620
877 3934
5323 231
2741 4221
3555 3463
1761 1878
444 4332
1391 2811
3403 2015
69 4494
2262 2896
4095 3947
1563 2170
2644 484
677 1415
2292 2463
5349 3209
2666 3646
3868 2243
4953 5291
1324 449
200 2967
4774 5186
2926 4804
2682 4381
3315 2383
5223 4076
1626 2214
3963 3649
1953 2766
616 4359
1257 4104
534 2500
4892 372
2519 3526
2957 5012
1432 3189
4298 374
3671 4623
3164 5361
4679 4274
2273 828
957 552
815 1174
2088 2137
65 3818
4896 1138
2971 2439
2808 4652
4373 2161
1276 5381
1655 3962
17 1599
4898 5216
1085 5179
5142 5
1883 224
2681 5004
433 4591
1678 4733
5258 4559
3609 2909
3775 4247
4671 4306
4390 1293
3118 4844
1101 1837
3337 211
4863 1268
17 4287
582 2506
5320 1421
2755 1451
1142 4369
1425 1792
1644 1561
2450 2488
5113 1288
1033 4541
4827 2187
4325 4411
2130 4325
3259 1445
947 5015
4960 2108
2037 3422
5208 5218
3952 322
860 3707
4413 1389
2538 5322
735 208
682 812
2483 2761
4117 2961
4463 565
1965 5155
4171 3539
4290 3183
2858 3520
3921 5178
2936 3647
4356 1544
3339 4524
1609 1967
2943 2875
3100 2570
2578 5279
87 2144
4348 4548
4696 1845
3891 2764
5265 1737
3374 2012
1234 4359
2805 1730
2198 292
2069 2166
1789 4942
3039 3527
4345 911
3613 251
2674 2512
1248 106
4631 3456
1352 1657
4096 1726
5068 4998
2484 314
3088 3778
2154 3052
4268 97
5179 4565
4538 722
1210 2814
359 2758
1949 407
4786 2534
1318 1817
617 3095
350 1464
2075 116
1768 1426
2556 3440
1783 2886
1019 4393
1449 4353
1950 2299
4470 1615
463 1931
1282 4888
1372 2203
5077 1441
371 1796
865 2213
4994 2276
5281 418
229 1506
4430 4035
5354 5295
1963 3304
3278 3711
4841 4456
4594 5296
2650 2653
1339 619
2091 4416
5043 872
4184 629
3176 539
530 2499
4524 2029
4393 4360
1157 4543
3914 3146
4180 5308
3963 3492
4740 538
3359 4982
1627 3839
3986 3820
2179 1181
2858 3271
5303 3810
1877 2488
3755 2784
4430 3534
2787 2724
2117 143
4864 3214
3071 4303
1698 1066
3103 5067
3113 1386
4580 1203
4817 1089
3308 3720
4926 3428
667 3060
4390 3479
1325 4827
2850 4007
1169 4970
3850 4332
313 4163
2069 2987
412 5266
1328 1612
3855 3026
2028 5091
2147 808
1400 5057
3078 4982
3227 5062
3176 3479
3131 4647
4762 1951
4988 2998
4233 1316
2912 5152
140 3024
3433 2727
1043 2932
3445 3256
234 1132
3570 2143
3070 5237
756 5109
1919 3189
4159 815
4055 5044
4865 5311
2477 4263
2422 625
2066 4385
2879 2429
1798 2668
856 4857
4542 3109
3810 4996
5288 5302
4118 5227
1930 2208
307 78
4121 2427
1929 3567
3533 3489
3478 3035
1310 3278
921 263
2716 3483
4550 2929
4650 2665
814 3158
4893 4642
3834 1746
1436 4541
2061 3852
1569 15
443 1785
4066 2725
4634 3993
3480 4563
3070 663
962 1184
4921 3464
245 256
3245 2495
2205 2343
1308 5385
2151 624
5155 3112
4575 461
4149 1397
4967 3671
4031 829
3570 3483
4963 4159
1403 1035
523 88
3880 4455
2099 1369
1953 168
689 2226
1044 1952
3120 1716
1605 2996
16 349
5105 331
4355 2912
1946 2562
1343 3002
779 4058
654 2142
4532 1734
1396 4216
3939 4873
1571 4364
4073 2358
1099 2450
261 4525
4169 2626
572 113
4941 3386
4292 4213
1012 556
1482 224
3382 1498
4152 2622
2044 4361
4653 3704
2614 512
3779 4736
1973 1267
1893 162
4155 3625
4052 3471
1761 4458
2192 2571
425 4904
191 4622
1854 622
2560 1702
3718 561
5060 4278
3452 4168
3889 3571
2502 2446
3138 2615
361 1741
2684 1887
2768 5007
2842 4327
3027 285
3065 3656
42 425
2750 4689
4926 3739
970 135
2130 3164
2948 1686
2855 3776
640 3006
4124 3324
1443 399
1251 4886
1836 3667
3510 1222
3647 4177
458 330
5366 4032
2397 890
1507 4589
1661 1552
679 154
876 671
743 2833
740 4943
4656 2049
661 4891
26 904
4461 4328
74 4852
5195 5358
1892 85
2092 3648
5023 1703
5015 5248
2652 1532
3626 3761
3859 1112
614 1654
690 3342
1974 3327
1457 4940
4344 3570
638 4735
2336 4183
2206 677
4536 5304
1623 2211
1166 1745
510 1077
3716 17
1386 2933
874 1374
3364 5017
754 2665
3201 3091
4698 141
181 119
1400 4250
934 2872
5211 884
1858 5291
4581 239
4098 1400
5203 3171
1771 858
2005 3291
3629 1532
3240 3896
1897 1250
2629 2728
3344 4404
2579 1541
2296 1740
5266 385
833 3727
1015 436
1824 1532
1572 2894
1261 3482
3699 3629
3537 1356
4120 1906
1898 4216
1851 1820
3272 2828
1316 4168
4036 258
528 2592
2433 121
4088 68
963 1133
3544 5194
4291 3484
5137 3315
2600 1451
4100 1784
1976 2425
4138 3087
845 1452
912 1798
668 4463
3774 2976
502 4251
4268 4010
2223 5154
4741 5118
2684 4559
891 2423
1470 2170
332 2312
5075 2317
5070 130
5271 710
2006 3359
5151 3557
3731 5117
4878 5337
3156 2986
4392 1351
2629 684
3820 4184
2748 3063
3967 4855
4009 3506
2812 476
3534 5111
3130 1130
4094 957
3708 3631
3373 2211
4456 5295
2204 1828
4229 4787
5049 356
3080 2182
1452 3610
1921 3372
4237 1255
398 1621
2675 293
3849 2484
4739 2204
1419 2178
981 131
5184 3788
4877 982
3247 5379
2054 2022
1592 4575
4601 3966
2400 4564
3175 1338
1497 672
1999 237
894 2064
5100 2898
2486 1390
3696 4989
4278 2675
3234 949
2531 3845
2070 439
3467 1061
684 4410
481 4118
1756 3736
769 232
878 2295
1731 1851
3973 4688
3502 3776
1002 1927
3822 4318
4557 4538
4316 4454
3035 559
2322 161
1100 3547
4327 552
2444 3616
2279 3793
2867 3095
891 1172
4239 2015
978 3442
3809 1501
657 4304
4356 5244
292 4577
5343 3068
1487 2153
2058 1764
3900 1987
2184 1685
3905 1118
3095 366
2688 3224
833 3234
570 5183
1573 476
5108 1294
3296 644
1182 1143
4643 4298
1342 4626
3403 3069
2798 3082
4285 2802
3148 1045
893 3417
452 4878
4694 194
3400 3931
5293 487
2542 4627
561 4830
1439 4937
5176 3464
2488 5329
1797 5115
573 4069
1187 2713
1952 132
2186 29
2545 4777
4962 963
5257 3401
5009 2899
4140 3729
