72 106
49 5
20 48
36 33
44 54
48 70
62 70
50 22
21 6
70 59
13 24
52 41
47 17
53 71
8 29
18 59
1 42
62 67
33 56
63 60
62 72
17 70
32 50
35 53
63 53
55 42
15 51
6 57
11 2
42 41
71 60
27 15
13 31
19 18
17 46
66 48
45 7
6 19
11 55
29 58
25 51
54 52
65 18
12 64
64 52
19 41
4 37
69 28
48 21
22 3
60 55
56 13
27 37
72 51
12 18
63 61
18 63
9 11
12 63
9 21
45 2
60 52
29 62
9 38
22 25
72 30
8 16
40 41
21 44
70 26
61 16
29 46
20 36
9 41
71 13
19 48
59 26
32 53
30 9
34 15
36 32
21 54
51 44
67 43
63 69
57 62
47 64
72 54
62 52
12 45
67 21
32 17
65 69
33 61
40 70
38 53
42 17
47 70
23 42
51 19
1 9
32 9
65 66
14 36
8 22
36 56
23 56
