949 1243
211 268
720 328
591 36
11 485
919 760
182 99
27 258
931 550
188 333
132 101
360 52
442 526
297 64
417 794
523 840
78 152
492 251
768 429
49 918
776 750
643 554
584 796
47 390
143 936
448 457
80 340
468 248
823 159
852 236
946 77
901 183
793 313
515 162
468 32
823 36
718 701
572 783
691 541
499 402
346 570
98 814
215 495
858 220
399 606
235 715
810 596
578 185
889 317
481 719
797 311
194 828
765 560
628 498
367 190
351 53
67 151
699 130
258 930
400 79
11 622
128 631
811 71
900 547
308 942
483 537
221 774
753 81
907 670
125 386
94 935
191 891
351 322
838 718
186 330
601 712
781 840
604 130
115 911
578 72
450 724
108 632
861 26
267 652
75 576
691 18
303 545
865 56
787 643
577 274
587 726
771 661
758 821
809 317
216 457
808 910
373 774
576 779
659 938
717 424
268 743
160 721
513 789
425 77
498 718
528 252
874 421
360 836
693 188
686 47
110 553
293 30
239 451
96 626
103 102
134 170
581 220
622 615
122 442
218 717
204 194
437 180
30 45
308 98
751 690
702 893
124 840
692 11
900 689
207 47
180 431
610 72
2 628
211 802
161 346
896 693
722 934
247 441
504 123
562 10
261 219
794 78
666 74
590 389
470 227
880 622
728 862
69 921
632 420
24 684
537 18
348 764
587 702
844 683
154 105
73 243
640 115
594 386
775 473
381 199
758 646
700 264
761 555
42 383
200 870
638 840
937 404
202 398
849 753
436 299
922 429
349 921
210 288
336 469
790 386
465 829
132 872
645 894
433 810
916 546
644 792
865 249
331 707
490 678
343 787
501 329
281 64
417 891
71 556
358 833
826 306
39 673
432 267
558 738
831 330
881 621
15 20
901 105
323 877
160 677
164 382
31 242
44 251
216 522
588 785
96 707
182 159
411 23
593 226
51 472
794 868
811 456
352 879
837 322
836 310
233 192
63 913
8 654
648 71
808 76
326 577
767 368
345 32
198 423
233 422
132 672
362 447
713 491
11 342
562 240
875 532
513 125
728 13
386 900
522 779
127 438
259 651
492 635
273 89
205 710
500 269
271 658
384 669
765 207
224 694
340 352
713 387
716 691
918 308
636 227
416 84
29 473
174 811
516 719
262 885
118 372
230 492
377 421
299 170
904 168
750 93
346 39
428 334
469 582
136 72
33 655
931 808
487 171
505 110
547 154
653 524
928 938
321 456
420 372
36 637
303 665
503 674
554 171
39 169
44 94
622 608
667 16
706 215
407 119
893 759
792 453
473 281
437 143
412 373
500 449
756 549
62 155
861 366
85 626
855 896
876 159
860 941
127 57
220 666
424 888
186 780
131 801
606 84
83 366
206 442
522 944
409 416
485 529
114 935
534 524
937 762
92 319
779 136
88 299
420 890
478 779
574 309
424 628
769 354
26 735
215 354
227 877
186 221
772 29
888 374
880 211
607 810
649 843
420 366
46 932
788 464
629 671
246 325
286 357
181 260
942 274
203 733
944 544
487 539
338 95
650 623
543 183
327 165
433 171
808 651
873 341
216 45
936 47
497 611
848 852
481 342
574 756
798 556
794 542
814 777
604 137
32 7
257 789
940 416
46 159
349 663
420 729
275 44
123 488
308 256
471 468
459 527
224 338
151 342
765 198
889 859
525 828
529 39
868 606
317 186
742 103
129 705
214 250
97 253
513 92
455 653
706 665
43 50
878 178
262 400
906 886
100 248
138 127
453 863
838 514
376 204
27 556
586 421
350 228
763 303
780 451
409 734
503 412
752 151
693 473
354 105
142 655
178 713
1 328
150 146
5 616
210 263
439 286
436 667
165 93
216 318
653 618
45 835
261 530
250 130
915 931
125 315
727 253
846 364
652 682
216 275
580 501
140 739
322 157
510 512
544 201
87 451
298 46
473 212
160 193
90 470
675 546
353 915
167 466
269 717
648 183
811 186
392 897
797 552
599 28
889 749
527 782
593 528
51 18
122 191
585 666
904 482
248 247
83 603
698 529
66 48
138 114
249 824
134 240
613 335
445 818
891 793
223 515
907 525
21 363
651 231
312 723
108 766
120 306
176 102
161 831
867 412
524 509
559 875
743 387
639 708
95 583
499 940
305 892
339 578
206 837
434 396
905 304
464 360
58 507
835 161
122 727
500 306
395 410
344 694
746 608
666 97
798 474
736 232
166 533
497 692
785 309
777 660
874 246
348 726
510 148
324 781
408 396
10 161
36 422
483 398
591 838
541 777
176 704
84 880
152 369
272 472
24 196
773 871
16 315
214 599
177 769
157 391
339 599
511 149
113 850
3 792
556 737
196 448
313 627
198 887
922 355
871 888
933 510
169 510
807 316
19 843
584 85
933 358
464 138
592 266
459 264
283 38
631 2
81 45
200 795
3 6
671 267
336 536
403 245
652 551
404 754
458 919
565 544
157 337
618 377
881 155
6 558
263 39
733 165
603 499
810 249
493 490
156 167
342 449
657 669
349 21
549 587
688 819
645 577
575 518
226 473
204 331
747 303
502 17
430 67
899 23
817 357
555 124
310 514
728 9
533 673
355 887
904 939
19 801
525 136
652 282
301 928
98 183
346 310
724 317
271 868
444 917
346 834
55 280
295 853
437 830
936 486
352 419
307 864
275 599
238 544
326 317
561 868
879 345
736 824
386 832
797 734
358 907
67 696
455 761
445 20
26 163
388 424
111 684
795 140
362 44
662 34
941 426
811 580
309 201
906 18
727 732
311 734
138 633
7 805
722 162
659 919
644 343
168 212
767 671
702 431
520 879
388 21
81 565
485 464
886 339
393 892
287 279
145 132
809 602
636 400
428 513
481 530
286 583
575 678
789 244
123 601
396 203
353 149
648 149
817 187
873 796
363 191
753 906
390 111
73 754
268 640
405 387
776 284
471 210
928 501
459 262
504 858
40 566
325 773
811 912
31 332
523 833
17 708
784 200
175 601
230 89
198 930
158 72
860 341
609 424
563 909
267 192
507 779
879 250
867 80
388 223
79 227
118 552
789 729
514 824
918 903
334 760
300 302
297 23
703 125
32 340
311 39
435 714
291 79
27 507
342 12
742 267
743 488
34 256
731 837
270 772
542 679
124 507
499 509
254 840
871 497
221 483
897 762
655 864
824 752
122 432
267 133
435 837
144 325
102 323
522 163
845 140
458 931
170 799
41 831
801 16
484 875
93 718
243 558
259 47
86 914
450 912
241 397
721 222
45 943
24 879
133 638
438 805
719 372
881 604
814 825
855 714
360 248
542 730
613 754
464 512
258 893
394 104
304 703
73 623
363 633
790 534
220 947
887 159
283 669
623 336
493 464
936 519
437 940
107 569
325 793
143 419
572 33
673 69
442 541
604 20
741 716
18 154
514 652
410 274
719 431
214 327
250 833
624 664
639 198
528 144
556 408
804 919
326 636
116 212
54 908
534 882
825 430
74 1
99 1
233 281
247 350
540 534
901 395
873 27
138 926
865 340
299 895
112 197
713 621
491 588
316 34
740 421
930 915
631 463
751 707
97 122
658 381
341 161
834 848
644 664
712 801
69 381
127 767
535 724
151 675
725 885
477 942
268 393
311 230
647 932
413 877
566 824
708 97
752 85
9 367
918 923
543 463
466 37
166 682
780 551
415 48
121 513
77 580
150 348
325 153
677 118
174 332
83 846
139 709
78 914
171 872
863 555
36 43
92 447
439 786
853 572
533 334
242 411
765 592
350 680
231 221
36 183
196 496
147 482
755 794
60 588
77 727
430 585
372 517
201 119
624 174
471 832
767 942
602 229
331 14
86 693
644 838
337 268
908 151
106 852
349 592
684 254
186 696
586 622
937 715
381 533
416 621
445 317
380 532
395 384
579 512
827 324
209 453
195 891
452 73
230 264
22 339
68 260
743 472
489 546
91 172
329 456
437 259
326 581
727 386
24 822
162 750
80 667
142 118
620 581
525 269
316 161
51 324
659 497
42 729
807 297
140 218
150 603
506 204
678 844
240 37
420 141
445 394
566 865
727 570
891 211
450 935
360 429
705 263
246 749
523 210
839 42
648 300
73 811
695 782
189 420
534 744
82 719
65 90
782 905
887 766
282 748
549 168
845 667
248 419
691 621
397 245
162 859
48 317
248 945
608 193
484 395
194 889
702 42
852 17
351 165
924 173
810 781
47 564
517 548
896 59
844 527
395 577
918 913
515 468
895 214
291 7
899 792
902 432
360 739
481 827
358 95
936 157
716 908
203 275
845 863
58 807
340 663
256 375
759 514
476 934
198 278
54 931
229 296
39 470
170 658
114 654
277 499
528 146
101 314
221 494
348 90
311 167
8 357
456 758
447 153
907 767
353 687
695 753
473 812
510 372
454 83
800 153
237 533
618 684
422 758
58 781
750 499
38 509
630 78
503 886
548 562
786 657
312 478
301 328
373 82
533 772
646 151
573 322
833 301
463 752
589 825
489 337
536 21
808 852
804 199
160 132
377 842
789 449
110 124
149 300
829 632
312 484
905 101
476 443
395 99
482 351
544 594
328 186
433 99
414 656
845 621
334 31
503 341
863 313
902 387
597 847
794 882
499 363
339 188
699 527
948 184
235 662
432 118
560 228
620 314
144 382
247 284
717 8
50 593
45 932
574 755
43 374
386 249
9 474
939 564
908 40
321 915
269 589
344 861
636 791
8 390
637 617
625 844
936 13
422 563
877 351
866 365
148 878
828 534
262 683
750 190
450 844
349 486
630 930
228 386
197 137
386 348
507 268
796 618
209 316
692 799
489 755
890 537
285 412
491 419
759 139
778 329
205 787
393 169
469 940
171 801
645 505
563 290
482 360
61 152
263 116
918 407
91 399
581 144
589 478
243 267
748 787
802 318
608 500
686 301
911 5
914 501
494 163
254 867
368 370
905 495
412 915
461 114
533 767
319 686
309 249
372 4
519 679
5 311
785 278
571 324
368 18
863 152
190 109
212 226
777 97
622 590
600 830
900 720
933 44
523 801
836 770
666 934
78 79
314 747
633 739
103 697
616 636
448 381
559 791
879 392
851 722
841 175
826 103
220 877
938 600
136 202
601 252
425 773
906 908
836 77
102 115
355 446
641 22
411 657
700 942
90 592
803 819
552 666
67 837
263 690
4 822
336 29
857 457
192 413
632 784
139 486
807 688
161 391
203 105
790 28
695 888
32 921
89 559
9 35
168 326
24 579
121 889
879 423
155 159
45 250
239 308
504 222
423 784
600 446
213 71
64 717
75 93
680 658
223 485
598 736
143 205
837 438
192 152
940 760
290 648
675 385
784 671
819 360
239 330
818 237
489 129
477 321
381 872
167 480
582 768
548 90
222 471
793 433
945 19
41 374
787 178
788 59
742 426
922 59
336 139
144 916
559 469
50 842
888 522
676 214
619 260
329 724
671 10
509 350
256 47
742 623
587 130
44 258
644 338
275 138
351 473
339 321
53 80
839 402
272 714
739 80
862 118
439 788
754 285
855 458
542 724
412 511
810 791
271 39
301 770
770 475
613 796
438 895
543 251
736 198
238 653
248 470
687 239
664 328
918 423
615 738
713 602
746 911
121 907
