456 521
352 10
404 373
223 83
84 86
12 193
374 390
16 98
365 158
216 455
456 145
61 352
251 64
277 382
235 383
416 8
286 157
179 295
81 392
144 17
175 23
276 209
313 222
448 157
49 53
241 159
53 242
360 349
338 418
347 386
159 364
42 18
310 262
363 378
110 214
238 61
395 226
1 176
148 120
77 359
429 303
215 445
195 348
32 169
282 167
174 347
346 83
305 411
38 329
334 139
292 445
40 368
256 112
34 28
448 252
310 151
57 427
265 162
49 353
92 242
139 253
149 171
62 380
380 202
46 430
118 50
106 391
110 8
332 79
119 391
284 115
131 69
413 66
63 348
151 272
124 418
3 62
344 233
362 216
59 440
375 70
363 56
40 155
16 327
129 25
192 449
376 267
436 2
418 346
361 205
125 281
353 408
172 17
351 182
15 454
22 387
256 143
355 68
422 2
6 69
310 325
454 456
317 110
82 349
95 389
16 156
275 453
169 149
85 414
379 456
347 414
270 205
25 83
352 398
213 194
137 280
171 444
327 286
322 276
36 214
28 362
67 401
234 427
342 431
310 174
27 105
96 240
378 77
298 41
401 150
148 77
216 170
456 37
326 330
407 155
90 317
378 25
66 5
257 43
343 432
456 368
255 376
317 93
106 68
276 42
30 437
427 139
156 2
446 96
32 364
164 181
100 298
240 323
381 351
161 301
453 367
10 140
360 254
146 396
103 112
286 436
80 234
410 114
187 248
68 13
182 341
305 81
139 334
310 439
365 175
208 450
78 132
244 266
124 57
184 213
128 35
248 217
173 181
66 324
111 420
290 356
209 179
439 255
341 368
156 5
9 45
104 112
76 264
446 43
437 259
406 16
13 45
338 248
447 382
2 8
447 335
280 262
400 160
133 200
21 168
74 277
225 346
232 225
55 98
401 94
114 19
12 254
294 372
317 354
270 38
394 102
299 88
351 386
100 52
203 242
384 143
305 199
285 188
200 365
149 434
196 19
44 130
90 166
435 402
40 317
240 132
66 70
396 71
134 336
235 37
306 103
160 268
320 12
102 373
313 266
344 440
71 58
58 54
449 264
157 69
27 379
335 392
259 377
377 117
269 81
143 237
152 175
283 63
63 355
59 157
57 42
271 5
378 236
420 97
48 436
107 104
198 292
298 51
156 22
354 432
269 219
55 107
367 304
212 376
255 188
196 106
258 220
2 160
173 192
250 90
271 43
101 288
90 374
73 387
229 189
391 42
52 144
147 215
94 116
336 192
383 32
41 446
172 241
377 313
441 254
316 201
222 300
260 455
253 155
293 322
334 343
176 19
372 264
356 329
38 242
384 149
159 110
427 96
109 255
37 264
373 446
251 447
38 343
102 68
370 90
332 55
40 98
142 185
444 353
169 74
86 218
317 113
343 318
113 88
455 336
373 110
378 329
30 331
446 20
453 319
262 83
8 171
234 104
104 270
413 317
338 177
142 13
174 188
39 48
299 407
121 35
353 209
302 190
101 173
246 420
113 16
195 86
201 77
244 224
271 89
454 179
159 342
278 113
140 180
272 261
153 164
147 96
361 99
203 445
392 61
454 390
320 352
167 76
141 140
255 291
313 210
30 187
409 442
134 448
285 403
193 179
292 327
182 112
342 220
224 158
224 276
311 194
284 286
397 436
238 315
105 367
416 329
384 245
319 180
447 346
139 200
186 452
395 48
449 226
191 266
341 226
300 129
319 88
228 442
282 206
267 311
428 46
299 175
25 362
369 412
232 397
149 107
396 296
30 200
124 158
444 159
347 191
52 116
248 185
360 12
168 410
28 178
183 120
402 411
355 297
335 234
329 275
412 285
333 245
13 165
31 332
373 322
169 415
97 37
202 244
112 157
173 385
266 275
355 411
222 293
453 26
418 22
323 67
310 196
71 373
425 193
402 69
251 436
279 274
177 245
163 401
277 172
404 354
452 90
198 329
214 374
127 182
248 249
92 61
261 410
106 71
417 324
350 7
213 163
317 358
166 339
221 184
70 73
346 101
394 231
18 17
58 260
161 284
427 394
198 290
328 143
340 283
117 76
362 148
451 377
300 29
440 431
135 274
411 220
393 98
220 371
294 131
58 433
84 276
291 17
256 97
336 329
287 314
109 19
95 100
118 437
290 222
181 9
322 358
133 398
191 18
146 229
107 311
62 348
135 238
174 215
83 242
355 354
66 219
258 184
107 205
172 431
313 154
71 114
220 76
331 102
87 436
197 133
415 30
223 342
330 2
14 291
118 421
339 233
317 190
451 203
240 377
399 328
113 423
237 177
175 372
309 148
270 288
28 131
236 239
356 70
262 353
10 21
201 234
399 390
9 371
40 109
